--------Game--------- 
Winner - LandLord
Turns - 15
Money LandLord - 1500, 1400, 1220, 1220, 1127, 963, 963, 1128, 1028, 1028, 448, 498, 474, 446, 471, 467, 467, 467, 473, 479, 479, 471, 471, 471, 447, 697
Properties LandLord - 0, 1, 2, 2, 3, 4, 4, 4, 4, 4, 5, 5, 5, 5, 5, 5, 5, 5, 5, 5, 5, 5, 5, 5, 5, 5
Assets LandLord - 0, 50, 130, 130, 180, 280, 280, 280, 280, 280, 1060, 1560, 1560, 1560, 1560, 1560, 1560, 1560, 1560, 1560, 1560, 1560, 1560, 1560, 1560, 1860
Money Random - 1500, 1500, 1500, 1500, 1500, 1500, 1500, 1500, 1500, 750
Properties Random - 0, 0, 0, 0, 0, 0, 0, 0, 0, 0
Assets Random - 0, 0, 0, 0, 0, 0, 0, 0, 0, 0
Money AFK - 1500, 1500, 1500, 1500, 1500, 1500, 1700, 1700, 1690, 1690, 1690, 1890, 1890, 1884, 1884, 1884, 1862, 2062, 2058, 2058, 1508, 1508, 1508, 1508, 1508, 1708, 1608, 1608, 1608, 1608, 1608, 1808
Properties AFK - 0, 0, 0, 0, 0, 0, 0, 0, 0, 0, 0, 0, 0, 0, 0, 0, 0, 0, 0, 0, 0, 0, 0, 0, 0, 0, 0, 0, 0, 0, 0, 0
Assets AFK - 0, 0, 0, 0, 0, 0, 0, 0, 0, 0, 0, 0, 0, 0, 0, 0, 0, 0, 0, 0, 0, 0, 0, 0, 0, 0, 0, 0, 0, 0, 0, 0
Money Picker - 1500, 1500, 1500, 1500, 1240, 1240, 1440, 1438, 1445, 1431, 1415, 1437, 787, 562, 462, 456, 456, 456, 456, 450, 450, 450, 450, 170, 194
Properties Picker - 0, 0, 0, 0, 1, 1, 1, 1, 1, 1, 1, 1, 3, 4, 4, 4, 4, 4, 4, 4, 4, 4, 4, 5, 5
Assets Picker - 0, 0, 0, 0, 110, 110, 110, 110, 110, 110, 110, 110, 360, 1160, 1160, 1160, 1160, 1160, 1160, 1160, 1160, 1160, 1160, 1290, 1290
Money Tortoise - 1500, 1380, 1380, 1498, 1708, 1708, 1708, 1694, 1474, 1194, 1359, 1299, 1626, 1950, 1950, 1958, 2158, 2158, 2158, 1208
Properties Tortoise - 0, 1, 1, 1, 1, 1, 1, 1, 2, 3, 3, 4, 4, 3, 3, 3, 3, 3, 3, 3
Assets Tortoise - 0, 70, 70, 70, 70, 70, 70, 70, 140, 270, 270, 280, 190, 120, 120, 120, 120, 120, 120, 120
Money Hoarder - 1500, 1500, 1360, 1360, 1360, 1210, 792, 272, 274, 274, 274, 509, 251, 163
Properties Hoarder - 0, 0, 1, 1, 1, 2, 4, 5, 5, 5, 5, 5, 5, 6
Assets Hoarder - 0, 0, 40, 40, 40, 190, 290, 410, 410, 410, 410, 410, 420, 460

--------Game--------- 
Winner - LandLord
Turns - 15
Money LandLord - 1500, 1500, 1370, 983, 959, 1187, 1185, 1085, 955, 955, 955, 993, 1193, 1207, 1221, 471, 447, 647, 497, 497, 407
Properties LandLord - 0, 0, 1, 3, 3, 3, 3, 3, 4, 4, 4, 4, 4, 4, 4, 5, 5, 5, 5, 5, 5
Assets LandLord - 0, 0, 40, 200, 200, 200, 200, 200, 240, 240, 240, 240, 240, 240, 240, 1740, 1740, 1740, 1840, 1840, 1840
Money Random - 1500, 1500, 1490, 1472, 1472, 1794, 1439, 1433, 1419, 1439, 1639, 1639, 1629, 1629, 1629, 1829, 1829, 1821, 1807, 1807, 2007, 1487, 1533
Properties Random - 0, 0, 0, 0, 0, 0, 1, 1, 1, 1, 1, 1, 1, 1, 1, 1, 1, 1, 1, 1, 1, 2, 2
Assets Random - 0, 0, 0, 0, 0, 0, 90, 90, 90, 90, 90, 90, 90, 90, 90, 90, 90, 90, 90, 90, 90, 190, 190
Money AFK - 1500, 1494, 1494, 1494, 1494, 1694, 1694, 1688, 1674, 1654, 1632, 1632, 1832, 1830, 1830, 1830, 1830, 1806, 1971, 1871, 1863, 1863, 1845, 1823, 2023, 2023, 2015, 2001, 2001, 1975, 2175, 2175, 2175, 1225, 1205, 1179, 1379
Properties AFK - 0, 0, 0, 0, 0, 0, 0, 0, 0, 0, 0, 0, 0, 0, 0, 0, 0, 0, 0, 0, 0, 0, 0, 0, 0, 0, 0, 0, 0, 0, 0, 0, 0, 0, 0, 0, 0
Assets AFK - 0, 0, 0, 0, 0, 0, 0, 0, 0, 0, 0, 0, 0, 0, 0, 0, 0, 0, 0, 0, 0, 0, 0, 0, 0, 0, 0, 0, 0, 0, 0, 0, 0, 0, 0, 0, 0
Money Picker - 1500, 1500, 1527, 1267, 602, 602, 600, 626, 626, 626, 331, 496, 496, 484, 466, 466, 466, 492, 492, 516
Properties Picker - 0, 0, 0, 1, 3, 3, 3, 3, 3, 3, 4, 4, 4, 4, 4, 4, 4, 4, 4, 4
Assets Picker - 0, 0, 0, 110, 330, 330, 330, 330, 330, 330, 460, 460, 460, 460, 460, 460, 460, 460, 460, 460
Money Tortoise - 1500, 1380, 1380, 1495, 1762, 1762, 1762, 1748, 1748, 1995, 2003, 2011, 1461, 1461, 1881, 1881, 1781, 1771, 1551
Properties Tortoise - 0, 1, 1, 1, 1, 1, 1, 1, 1, 1, 1, 1, 1, 1, 1, 1, 2, 2, 3
Assets Tortoise - 0, 70, 70, 70, 70, 70, 70, 70, 70, 70, 70, 70, 70, 70, 70, 70, 120, 120, 190
Money Hoarder - 1500, 1400, 1406, 1186, 1204, 1404, 1026, 942, 932, 932, 906, 906, 908, 748, 734, 474, 394, 464, 464
Properties Hoarder - 0, 1, 1, 2, 2, 2, 4, 5, 5, 5, 5, 5, 5, 6, 6, 7, 8, 8, 8
Assets Hoarder - 0, 50, 50, 120, 120, 120, 200, 250, 250, 250, 250, 250, 250, 310, 310, 420, 570, 570, 570

--------Game--------- 
Winner - LandLord
Turns - 15
Money LandLord - 1500, 1500, 1370, 983, 959, 1187, 1185, 1085, 955, 955, 955, 993, 1193, 1207, 1221, 471, 447, 647, 497, 497, 407
Properties LandLord - 0, 0, 1, 3, 3, 3, 3, 3, 4, 4, 4, 4, 4, 4, 4, 5, 5, 5, 5, 5, 5
Assets LandLord - 0, 0, 40, 200, 200, 200, 200, 200, 240, 240, 240, 240, 240, 240, 240, 1740, 1740, 1740, 1840, 1840, 1840
Money Random - 1500, 1500, 1490, 1472, 1472, 1794, 1439, 1433, 1419, 1439, 1639, 1639, 1629, 1629, 1629, 1829, 1829, 1821, 1807, 1807, 2007, 1487, 1533
Properties Random - 0, 0, 0, 0, 0, 0, 1, 1, 1, 1, 1, 1, 1, 1, 1, 1, 1, 1, 1, 1, 1, 2, 2
Assets Random - 0, 0, 0, 0, 0, 0, 90, 90, 90, 90, 90, 90, 90, 90, 90, 90, 90, 90, 90, 90, 90, 190, 190
Money AFK - 1500, 1494, 1494, 1494, 1494, 1694, 1694, 1688, 1674, 1654, 1632, 1632, 1832, 1830, 1830, 1830, 1830, 1806, 1971, 1871, 1863, 1863, 1845, 1823, 2023, 2023, 2015, 2001, 2001, 1975, 2175, 2175, 2175, 1225, 1205, 1179, 1379
Properties AFK - 0, 0, 0, 0, 0, 0, 0, 0, 0, 0, 0, 0, 0, 0, 0, 0, 0, 0, 0, 0, 0, 0, 0, 0, 0, 0, 0, 0, 0, 0, 0, 0, 0, 0, 0, 0, 0
Assets AFK - 0, 0, 0, 0, 0, 0, 0, 0, 0, 0, 0, 0, 0, 0, 0, 0, 0, 0, 0, 0, 0, 0, 0, 0, 0, 0, 0, 0, 0, 0, 0, 0, 0, 0, 0, 0, 0
Money Picker - 1500, 1500, 1527, 1267, 602, 602, 600, 626, 626, 626, 331, 496, 496, 484, 466, 466, 466, 492, 492, 516
Properties Picker - 0, 0, 0, 1, 3, 3, 3, 3, 3, 3, 4, 4, 4, 4, 4, 4, 4, 4, 4, 4
Assets Picker - 0, 0, 0, 110, 330, 330, 330, 330, 330, 330, 460, 460, 460, 460, 460, 460, 460, 460, 460, 460
Money Tortoise - 1500, 1380, 1380, 1495, 1762, 1762, 1762, 1748, 1748, 1995, 2003, 2011, 1461, 1461, 1881, 1881, 1781, 1771, 1551, 1551
Properties Tortoise - 0, 1, 1, 1, 1, 1, 1, 1, 1, 1, 1, 1, 1, 1, 1, 1, 2, 2, 3, 3
Assets Tortoise - 0, 70, 70, 70, 70, 70, 70, 70, 70, 70, 70, 70, 70, 70, 70, 70, 120, 120, 190, 190
Money Hoarder - 1500, 1400, 1406, 1186, 1204, 1404, 1026, 942, 932, 932, 906, 906, 908, 748, 734, 474, 394, 464, 464
Properties Hoarder - 0, 1, 1, 2, 2, 2, 4, 5, 5, 5, 5, 5, 5, 6, 6, 7, 8, 8, 8
Assets Hoarder - 0, 50, 50, 120, 120, 120, 200, 250, 250, 250, 250, 250, 250, 310, 310, 420, 570, 570, 570

--------Game--------- 
Winner - LandLord
Turns - 15
Money LandLord - 1500, 1500, 1370, 983, 959, 1187, 1185, 1085, 955, 955, 955, 993, 1193, 1207, 1221, 471, 447, 647, 497, 497, 407
Properties LandLord - 0, 0, 1, 3, 3, 3, 3, 3, 4, 4, 4, 4, 4, 4, 4, 5, 5, 5, 5, 5, 5
Assets LandLord - 0, 0, 40, 200, 200, 200, 200, 200, 240, 240, 240, 240, 240, 240, 240, 1740, 1740, 1740, 1840, 1840, 1840
Money Random - 1500, 1500, 1490, 1472, 1472, 1794, 1439, 1433, 1419, 1439, 1639, 1639, 1629, 1629, 1629, 1829, 1829, 1821, 1807, 1807, 2007, 1487, 1533, 1533
Properties Random - 0, 0, 0, 0, 0, 0, 1, 1, 1, 1, 1, 1, 1, 1, 1, 1, 1, 1, 1, 1, 1, 2, 2, 2
Assets Random - 0, 0, 0, 0, 0, 0, 90, 90, 90, 90, 90, 90, 90, 90, 90, 90, 90, 90, 90, 90, 90, 190, 190, 190
Money AFK - 1500, 1494, 1494, 1494, 1494, 1694, 1694, 1688, 1674, 1654, 1632, 1632, 1832, 1830, 1830, 1830, 1830, 1806, 1971, 1871, 1863, 1863, 1845, 1823, 2023, 2023, 2015, 2001, 2001, 1975, 2175, 2175, 2175, 1225, 1205, 1179, 1379, 1379
Properties AFK - 0, 0, 0, 0, 0, 0, 0, 0, 0, 0, 0, 0, 0, 0, 0, 0, 0, 0, 0, 0, 0, 0, 0, 0, 0, 0, 0, 0, 0, 0, 0, 0, 0, 0, 0, 0, 0, 0
Assets AFK - 0, 0, 0, 0, 0, 0, 0, 0, 0, 0, 0, 0, 0, 0, 0, 0, 0, 0, 0, 0, 0, 0, 0, 0, 0, 0, 0, 0, 0, 0, 0, 0, 0, 0, 0, 0, 0, 0
Money Picker - 1500, 1500, 1527, 1267, 602, 602, 600, 626, 626, 626, 331, 496, 496, 484, 466, 466, 466, 492, 492, 516
Properties Picker - 0, 0, 0, 1, 3, 3, 3, 3, 3, 3, 4, 4, 4, 4, 4, 4, 4, 4, 4, 4
Assets Picker - 0, 0, 0, 110, 330, 330, 330, 330, 330, 330, 460, 460, 460, 460, 460, 460, 460, 460, 460, 460
Money Tortoise - 1500, 1380, 1380, 1495, 1762, 1762, 1762, 1748, 1748, 1995, 2003, 2011, 1461, 1461, 1881, 1881, 1781, 1771, 1551, 1551
Properties Tortoise - 0, 1, 1, 1, 1, 1, 1, 1, 1, 1, 1, 1, 1, 1, 1, 1, 2, 2, 3, 3
Assets Tortoise - 0, 70, 70, 70, 70, 70, 70, 70, 70, 70, 70, 70, 70, 70, 70, 70, 120, 120, 190, 190
Money Hoarder - 1500, 1400, 1406, 1186, 1204, 1404, 1026, 942, 932, 932, 906, 906, 908, 748, 734, 474, 394, 464, 464
Properties Hoarder - 0, 1, 1, 2, 2, 2, 4, 5, 5, 5, 5, 5, 5, 6, 6, 7, 8, 8, 8
Assets Hoarder - 0, 50, 50, 120, 120, 120, 200, 250, 250, 250, 250, 250, 250, 310, 310, 420, 570, 570, 570

--------Game--------- 
Winner - LandLord
Turns - 15
Money LandLord - 1500, 1500, 1370, 983, 959, 1187, 1185, 1085, 955, 955, 955, 993, 1193, 1207, 1221, 471, 447, 647, 497, 497, 407, 657
Properties LandLord - 0, 0, 1, 3, 3, 3, 3, 3, 4, 4, 4, 4, 4, 4, 4, 5, 5, 5, 5, 5, 5, 5
Assets LandLord - 0, 0, 40, 200, 200, 200, 200, 200, 240, 240, 240, 240, 240, 240, 240, 1740, 1740, 1740, 1840, 1840, 1840, 1840
Money Random - 1500, 1500, 1490, 1472, 1472, 1794, 1439, 1433, 1419, 1439, 1639, 1639, 1629, 1629, 1629, 1829, 1829, 1821, 1807, 1807, 2007, 1487, 1533, 1533
Properties Random - 0, 0, 0, 0, 0, 0, 1, 1, 1, 1, 1, 1, 1, 1, 1, 1, 1, 1, 1, 1, 1, 2, 2, 2
Assets Random - 0, 0, 0, 0, 0, 0, 90, 90, 90, 90, 90, 90, 90, 90, 90, 90, 90, 90, 90, 90, 90, 190, 190, 190
Money AFK - 1500, 1494, 1494, 1494, 1494, 1694, 1694, 1688, 1674, 1654, 1632, 1632, 1832, 1830, 1830, 1830, 1830, 1806, 1971, 1871, 1863, 1863, 1845, 1823, 2023, 2023, 2015, 2001, 2001, 1975, 2175, 2175, 2175, 1225, 1205, 1179, 1379, 1379, 429
Properties AFK - 0, 0, 0, 0, 0, 0, 0, 0, 0, 0, 0, 0, 0, 0, 0, 0, 0, 0, 0, 0, 0, 0, 0, 0, 0, 0, 0, 0, 0, 0, 0, 0, 0, 0, 0, 0, 0, 0, 0
Assets AFK - 0, 0, 0, 0, 0, 0, 0, 0, 0, 0, 0, 0, 0, 0, 0, 0, 0, 0, 0, 0, 0, 0, 0, 0, 0, 0, 0, 0, 0, 0, 0, 0, 0, 0, 0, 0, 0, 0, 0
Money Picker - 1500, 1500, 1527, 1267, 602, 602, 600, 626, 626, 626, 331, 496, 496, 484, 466, 466, 466, 492, 492, 516
Properties Picker - 0, 0, 0, 1, 3, 3, 3, 3, 3, 3, 4, 4, 4, 4, 4, 4, 4, 4, 4, 4
Assets Picker - 0, 0, 0, 110, 330, 330, 330, 330, 330, 330, 460, 460, 460, 460, 460, 460, 460, 460, 460, 460
Money Tortoise - 1500, 1380, 1380, 1495, 1762, 1762, 1762, 1748, 1748, 1995, 2003, 2011, 1461, 1461, 1881, 1881, 1781, 1771, 1551, 1551
Properties Tortoise - 0, 1, 1, 1, 1, 1, 1, 1, 1, 1, 1, 1, 1, 1, 1, 1, 2, 2, 3, 3
Assets Tortoise - 0, 70, 70, 70, 70, 70, 70, 70, 70, 70, 70, 70, 70, 70, 70, 70, 120, 120, 190, 190
Money Hoarder - 1500, 1400, 1406, 1186, 1204, 1404, 1026, 942, 932, 932, 906, 906, 908, 748, 734, 474, 394, 464, 464
Properties Hoarder - 0, 1, 1, 2, 2, 2, 4, 5, 5, 5, 5, 5, 5, 6, 6, 7, 8, 8, 8
Assets Hoarder - 0, 50, 50, 120, 120, 120, 200, 250, 250, 250, 250, 250, 250, 310, 310, 420, 570, 570, 570

--------Game--------- 
Winner - Tortoise
Turns - 15
Money LandLord - 1500, 1500, 1500, 1320, 1302, 1040, 1240, 1268, 1268, 1262, 1262, 1262, 1318, 1318, 1296, 996
Properties LandLord - 0, 0, 0, 1, 1, 2, 2, 2, 2, 2, 2, 2, 2, 2, 2, 3
Assets LandLord - 0, 0, 0, 80, 80, 160, 160, 160, 160, 160, 160, 160, 160, 160, 160, 260
Money Random - 1500, 1354, 1354, 1354, 1328, 1328, 1041, 1041, 1027, 1047, 1047, 647, 246, 246, 246, 268, 246, 246, 246, 246, 246, 228, 206, 406, 306, 300, 290, 276
Properties Random - 0, 0, 0, 0, 0, 0, 1, 1, 1, 1, 1, 1, 2, 2, 2, 2, 2, 2, 2, 2, 2, 2, 2, 2, 2, 2, 2, 2
Assets Random - 0, 0, 0, 0, 0, 0, 90, 90, 90, 90, 90, 90, 200, 200, 200, 200, 200, 200, 200, 200, 200, 200, 200, 200, 200, 200, 200, 200
Money AFK - 1500, 1500, 1500, 1500, 1500, 1500, 1500, 1486, 1466, 1466, 1452, 1652, 1652, 1646, 1646, 1632, 1632, 1632, 1832, 1732, 1722, 1722, 1700, 400
Properties AFK - 0, 0, 0, 0, 0, 0, 0, 0, 0, 0, 0, 0, 0, 0, 0, 0, 0, 0, 0, 0, 0, 0, 0, 0
Assets AFK - 0, 0, 0, 0, 0, 0, 0, 0, 0, 0, 0, 0, 0, 0, 0, 0, 0, 0, 0, 0, 0, 0, 0, 0
Money Picker - 1500, 1790, 1442, 1114, 1161, 1161, 251, 62, 62, 62, 62
Properties Picker - 0, 0, 1, 2, 2, 2, 4, 5, 5, 5, 5
Assets Picker - 0, 0, 100, 250, 250, 250, 1380, 1900, 1900, 1900, 1900
Money Tortoise - 1400, 1394, 1394, 1394, 1963, 2249, 2249, 2249, 2249, 2231, 1971, 2240, 2641, 2501, 2501, 2479, 2279, 2179, 2173, 2173, 2159, 2137, 2137, 587, 467, 453, 453
Properties Tortoise - 0, 0, 0, 0, 0, 0, 0, 0, 0, 0, 1, 1, 0, 1, 1, 1, 2, 2, 2, 2, 2, 2, 2, 3, 4, 4, 4
Assets Tortoise - 0, 0, 0, 0, 0, 0, 0, 0, 0, 0, 110, 110, 0, 40, 40, 40, 240, 240, 240, 240, 240, 240, 240, 2190, 2260, 2260, 2260
Money Hoarder - 1500, 1362, 701, 499, 219, 419, 319, 319, 319, 393, 393, 393, 393, 399, 427, 449, 329, 401, 401, 221
Properties Hoarder - 0, 1, 2, 3, 4, 4, 4, 4, 4, 4, 4, 4, 4, 4, 4, 4, 5, 5, 5, 6
Assets Hoarder - 0, 50, 90, 160, 290, 290, 290, 290, 290, 270, 270, 270, 270, 270, 270, 270, 390, 390, 390, 470

--------Game--------- 
Winner - Tortoise
Turns - 15
Money LandLord - 1500, 1500, 1500, 1320, 1302, 1040, 1240, 1268, 1268, 1262, 1262, 1262, 1318, 1318, 1296, 996
Properties LandLord - 0, 0, 0, 1, 1, 2, 2, 2, 2, 2, 2, 2, 2, 2, 2, 3
Assets LandLord - 0, 0, 0, 80, 80, 160, 160, 160, 160, 160, 160, 160, 160, 160, 160, 260
Money Random - 1500, 1354, 1354, 1354, 1328, 1328, 1041, 1041, 1027, 1047, 1047, 647, 246, 246, 246, 268, 246, 246, 246, 246, 246, 228, 206, 406, 306, 300, 290, 276
Properties Random - 0, 0, 0, 0, 0, 0, 1, 1, 1, 1, 1, 1, 2, 2, 2, 2, 2, 2, 2, 2, 2, 2, 2, 2, 2, 2, 2, 2
Assets Random - 0, 0, 0, 0, 0, 0, 90, 90, 90, 90, 90, 90, 200, 200, 200, 200, 200, 200, 200, 200, 200, 200, 200, 200, 200, 200, 200, 200
Money AFK - 1500, 1500, 1500, 1500, 1500, 1500, 1500, 1486, 1466, 1466, 1452, 1652, 1652, 1646, 1646, 1632, 1632, 1632, 1832, 1732, 1722, 1722, 1700, 400
Properties AFK - 0, 0, 0, 0, 0, 0, 0, 0, 0, 0, 0, 0, 0, 0, 0, 0, 0, 0, 0, 0, 0, 0, 0, 0
Assets AFK - 0, 0, 0, 0, 0, 0, 0, 0, 0, 0, 0, 0, 0, 0, 0, 0, 0, 0, 0, 0, 0, 0, 0, 0
Money Picker - 1500, 1790, 1442, 1114, 1161, 1161, 251, 62, 62, 62, 62
Properties Picker - 0, 0, 1, 2, 2, 2, 4, 5, 5, 5, 5
Assets Picker - 0, 0, 100, 250, 250, 250, 1380, 1900, 1900, 1900, 1900
Money Tortoise - 1400, 1394, 1394, 1394, 1963, 2249, 2249, 2249, 2249, 2231, 1971, 2240, 2641, 2501, 2501, 2479, 2279, 2179, 2173, 2173, 2159, 2137, 2137, 587, 467, 453, 453
Properties Tortoise - 0, 0, 0, 0, 0, 0, 0, 0, 0, 0, 1, 1, 0, 1, 1, 1, 2, 2, 2, 2, 2, 2, 2, 3, 4, 4, 4
Assets Tortoise - 0, 0, 0, 0, 0, 0, 0, 0, 0, 0, 110, 110, 0, 40, 40, 40, 240, 240, 240, 240, 240, 240, 240, 2190, 2260, 2260, 2260
Money Hoarder - 1500, 1362, 701, 499, 219, 419, 319, 319, 319, 393, 393, 393, 393, 399, 427, 449, 329, 401, 401, 221
Properties Hoarder - 0, 1, 2, 3, 4, 4, 4, 4, 4, 4, 4, 4, 4, 4, 4, 4, 5, 5, 5, 6
Assets Hoarder - 0, 50, 90, 160, 290, 290, 290, 290, 290, 270, 270, 270, 270, 270, 270, 270, 390, 390, 390, 470

--------Game--------- 
Winner - Tortoise
Turns - 15
Money LandLord - 1500, 1500, 1500, 1320, 1302, 1040, 1240, 1268, 1268, 1262, 1262, 1262, 1318, 1318, 1296, 996
Properties LandLord - 0, 0, 0, 1, 1, 2, 2, 2, 2, 2, 2, 2, 2, 2, 2, 3
Assets LandLord - 0, 0, 0, 80, 80, 160, 160, 160, 160, 160, 160, 160, 160, 160, 160, 260
Money Random - 1500, 1354, 1354, 1354, 1328, 1328, 1041, 1041, 1027, 1047, 1047, 647, 246, 246, 246, 268, 246, 246, 246, 246, 246, 228, 206, 406, 306, 300, 290, 276, 298, 270
Properties Random - 0, 0, 0, 0, 0, 0, 1, 1, 1, 1, 1, 1, 2, 2, 2, 2, 2, 2, 2, 2, 2, 2, 2, 2, 2, 2, 2, 2, 2, 2
Assets Random - 0, 0, 0, 0, 0, 0, 90, 90, 90, 90, 90, 90, 200, 200, 200, 200, 200, 200, 200, 200, 200, 200, 200, 200, 200, 200, 200, 200, 200, 200
Money AFK - 1500, 1500, 1500, 1500, 1500, 1500, 1500, 1486, 1466, 1466, 1452, 1652, 1652, 1646, 1646, 1632, 1632, 1632, 1832, 1732, 1722, 1722, 1700, 400
Properties AFK - 0, 0, 0, 0, 0, 0, 0, 0, 0, 0, 0, 0, 0, 0, 0, 0, 0, 0, 0, 0, 0, 0, 0, 0
Assets AFK - 0, 0, 0, 0, 0, 0, 0, 0, 0, 0, 0, 0, 0, 0, 0, 0, 0, 0, 0, 0, 0, 0, 0, 0
Money Picker - 1500, 1790, 1442, 1114, 1161, 1161, 251, 62, 62, 62, 62
Properties Picker - 0, 0, 1, 2, 2, 2, 4, 5, 5, 5, 5
Assets Picker - 0, 0, 100, 250, 250, 250, 1380, 1900, 1900, 1900, 1900
Money Tortoise - 1400, 1394, 1394, 1394, 1963, 2249, 2249, 2249, 2249, 2231, 1971, 2240, 2641, 2501, 2501, 2479, 2279, 2179, 2173, 2173, 2159, 2137, 2137, 587, 467, 453, 453
Properties Tortoise - 0, 0, 0, 0, 0, 0, 0, 0, 0, 0, 1, 1, 0, 1, 1, 1, 2, 2, 2, 2, 2, 2, 2, 3, 4, 4, 4
Assets Tortoise - 0, 0, 0, 0, 0, 0, 0, 0, 0, 0, 110, 110, 0, 40, 40, 40, 240, 240, 240, 240, 240, 240, 240, 2190, 2260, 2260, 2260
Money Hoarder - 1500, 1362, 701, 499, 219, 419, 319, 319, 319, 393, 393, 393, 393, 399, 427, 449, 329, 401, 401, 221, 251
Properties Hoarder - 0, 1, 2, 3, 4, 4, 4, 4, 4, 4, 4, 4, 4, 4, 4, 4, 5, 5, 5, 6, 6
Assets Hoarder - 0, 50, 90, 160, 290, 290, 290, 290, 290, 270, 270, 270, 270, 270, 270, 270, 390, 390, 390, 470, 470

--------Game--------- 
Winner - Tortoise
Turns - 15
Money LandLord - 1500, 1500, 1500, 1320, 1302, 1040, 1240, 1268, 1268, 1262, 1262, 1262, 1318, 1318, 1296, 996
Properties LandLord - 0, 0, 0, 1, 1, 2, 2, 2, 2, 2, 2, 2, 2, 2, 2, 3
Assets LandLord - 0, 0, 0, 80, 80, 160, 160, 160, 160, 160, 160, 160, 160, 160, 160, 260
Money Random - 1500, 1354, 1354, 1354, 1328, 1328, 1041, 1041, 1027, 1047, 1047, 647, 246, 246, 246, 268, 246, 246, 246, 246, 246, 228, 206, 406, 306, 300, 290, 276, 298, 270
Properties Random - 0, 0, 0, 0, 0, 0, 1, 1, 1, 1, 1, 1, 2, 2, 2, 2, 2, 2, 2, 2, 2, 2, 2, 2, 2, 2, 2, 2, 2, 2
Assets Random - 0, 0, 0, 0, 0, 0, 90, 90, 90, 90, 90, 90, 200, 200, 200, 200, 200, 200, 200, 200, 200, 200, 200, 200, 200, 200, 200, 200, 200, 200
Money AFK - 1500, 1500, 1500, 1500, 1500, 1500, 1500, 1486, 1466, 1466, 1452, 1652, 1652, 1646, 1646, 1632, 1632, 1632, 1832, 1732, 1722, 1722, 1700, 400, 400
Properties AFK - 0, 0, 0, 0, 0, 0, 0, 0, 0, 0, 0, 0, 0, 0, 0, 0, 0, 0, 0, 0, 0, 0, 0, 0, 0
Assets AFK - 0, 0, 0, 0, 0, 0, 0, 0, 0, 0, 0, 0, 0, 0, 0, 0, 0, 0, 0, 0, 0, 0, 0, 0, 0
Money Picker - 1500, 1790, 1442, 1114, 1161, 1161, 251, 62, 62, 62, 62
Properties Picker - 0, 0, 1, 2, 2, 2, 4, 5, 5, 5, 5
Assets Picker - 0, 0, 100, 250, 250, 250, 1380, 1900, 1900, 1900, 1900
Money Tortoise - 1400, 1394, 1394, 1394, 1963, 2249, 2249, 2249, 2249, 2231, 1971, 2240, 2641, 2501, 2501, 2479, 2279, 2179, 2173, 2173, 2159, 2137, 2137, 587, 467, 453, 453
Properties Tortoise - 0, 0, 0, 0, 0, 0, 0, 0, 0, 0, 1, 1, 0, 1, 1, 1, 2, 2, 2, 2, 2, 2, 2, 3, 4, 4, 4
Assets Tortoise - 0, 0, 0, 0, 0, 0, 0, 0, 0, 0, 110, 110, 0, 40, 40, 40, 240, 240, 240, 240, 240, 240, 240, 2190, 2260, 2260, 2260
Money Hoarder - 1500, 1362, 701, 499, 219, 419, 319, 319, 319, 393, 393, 393, 393, 399, 427, 449, 329, 401, 401, 221, 251
Properties Hoarder - 0, 1, 2, 3, 4, 4, 4, 4, 4, 4, 4, 4, 4, 4, 4, 4, 5, 5, 5, 6, 6
Assets Hoarder - 0, 50, 90, 160, 290, 290, 290, 290, 290, 270, 270, 270, 270, 270, 270, 270, 390, 390, 390, 470, 470

--------Game--------- 
Winner - Tortoise
Turns - 32
Money LandLord - 1500, 1500, 1500, 1320, 1302, 1040, 1240, 1268, 1268, 1262, 1262, 1262, 1318, 1318, 1296, 996
Properties LandLord - 0, 0, 0, 1, 1, 2, 2, 2, 2, 2, 2, 2, 2, 2, 2, 3
Assets LandLord - 0, 0, 0, 80, 80, 160, 160, 160, 160, 160, 160, 160, 160, 160, 160, 260
Money Random - 1500, 1354, 1354, 1354, 1328, 1328, 1041, 1041, 1027, 1047, 1047, 647, 246, 246, 246, 268, 246, 246, 246, 246, 246, 228, 206, 406, 306, 300, 290, 276, 298, 270
Properties Random - 0, 0, 0, 0, 0, 0, 1, 1, 1, 1, 1, 1, 2, 2, 2, 2, 2, 2, 2, 2, 2, 2, 2, 2, 2, 2, 2, 2, 2, 2
Assets Random - 0, 0, 0, 0, 0, 0, 90, 90, 90, 90, 90, 90, 200, 200, 200, 200, 200, 200, 200, 200, 200, 200, 200, 200, 200, 200, 200, 200, 200, 200
Money AFK - 1500, 1500, 1500, 1500, 1500, 1500, 1500, 1486, 1466, 1466, 1452, 1652, 1652, 1646, 1646, 1632, 1632, 1632, 1832, 1732, 1722, 1722, 1700, 400, 400, 392, 392, 392, 392, 392, 392, 392, 382, 382, 358, 558, 558, 558, 558, 558
Properties AFK - 0, 0, 0, 0, 0, 0, 0, 0, 0, 0, 0, 0, 0, 0, 0, 0, 0, 0, 0, 0, 0, 0, 0, 0, 0, 0, 0, 0, 0, 0, 0, 0, 0, 0, 0, 0, 0, 0, 0, 0
Assets AFK - 0, 0, 0, 0, 0, 0, 0, 0, 0, 0, 0, 0, 0, 0, 0, 0, 0, 0, 0, 0, 0, 0, 0, 0, 0, 0, 0, 0, 0, 0, 0, 0, 0, 0, 0, 0, 0, 0, 0, 0
Money Picker - 1500, 1790, 1442, 1114, 1161, 1161, 251, 62, 62, 62, 62
Properties Picker - 0, 0, 1, 2, 2, 2, 4, 5, 5, 5, 5
Assets Picker - 0, 0, 100, 250, 250, 250, 1380, 1900, 1900, 1900, 1900
Money Tortoise - 1400, 1394, 1394, 1394, 1963, 2249, 2249, 2249, 2249, 2231, 1971, 2240, 2641, 2501, 2501, 2479, 2279, 2179, 2173, 2173, 2159, 2137, 2137, 587, 467, 453, 453, 361, 339, 349, 335, 335, 335, 343, 543, 343, 343, 343, 543, 343, 343, 343, 343, 315, 515, 415, 415
Properties Tortoise - 0, 0, 0, 0, 0, 0, 0, 0, 0, 0, 1, 1, 0, 1, 1, 1, 2, 2, 2, 2, 2, 2, 2, 3, 4, 4, 4, 4, 4, 4, 4, 4, 4, 4, 4, 4, 4, 4, 4, 4, 4, 4, 4, 4, 4, 4, 4
Assets Tortoise - 0, 0, 0, 0, 0, 0, 0, 0, 0, 0, 110, 110, 0, 40, 40, 40, 240, 240, 240, 240, 240, 240, 240, 2190, 2260, 2260, 2260, 2460, 2460, 2460, 2460, 2460, 2460, 2460, 2460, 2460, 2460, 2460, 2460, 2460, 2460, 2460, 2460, 2460, 2460, 2460, 2460
Money Hoarder - 1500, 1362, 701, 499, 219, 419, 319, 319, 319, 393, 393, 393, 393, 399, 427, 449, 329, 401, 401, 221, 251, 501, 401, 391, 391, 391, 391, 605, 605, 597, 437, 437, 357, 357, 357, 357, 367, 171, 171, 199
Properties Hoarder - 0, 1, 2, 3, 4, 4, 4, 4, 4, 4, 4, 4, 4, 4, 4, 4, 5, 5, 5, 6, 6, 6, 6, 6, 6, 6, 6, 6, 6, 6, 7, 7, 8, 8, 8, 8, 8, 9, 9, 9
Assets Hoarder - 0, 50, 90, 160, 290, 290, 290, 290, 290, 270, 270, 270, 270, 270, 270, 270, 390, 390, 390, 470, 470, 470, 470, 470, 470, 470, 470, 470, 470, 470, 530, 530, 660, 660, 660, 660, 660, 730, 730, 730

--------Game--------- 
Winner - Hoarder
Turns - 15
Money LandLord - 1500, 1500, 1360, 1360, 1100, 950, 995, 995, 995, 977, 1074, 1111, 1111, 1133, 1115, 1115, 1385, 1385, 1385, 1369, 1369, 1379, 1279, 1279, 1279, 1179, 1171, 1171, 1205, 1179
Properties LandLord - 0, 0, 1, 1, 2, 3, 3, 3, 3, 3, 3, 4, 4, 4, 4, 4, 4, 4, 4, 4, 4, 4, 4, 4, 4, 4, 4, 4, 4, 4
Assets LandLord - 0, 0, 40, 40, 150, 300, 300, 300, 300, 300, 280, 340, 340, 340, 340, 340, 340, 340, 340, 340, 340, 340, 340, 340, 340, 340, 340, 340, 340, 340
Money Random - 1500, 1500, 1500, 1555, 1533, 1733, 1733, 1733, 1723, 1723, 1723, 1888, 1882, 1882, 1882, 1612, 1590, 1566, 1731, 1631, 1853, 1853, 1853, 1825, 1619, 1619, 1613, 1599, 1509, 1485, 1650, 1664, 1664
Properties Random - 0, 0, 0, 0, 0, 0, 0, 0, 0, 0, 0, 0, 0, 0, 0, 1, 1, 1, 1, 1, 0, 0, 0, 0, 1, 1, 1, 1, 1, 1, 1, 1, 1
Assets Random - 0, 0, 0, 0, 0, 0, 0, 0, 0, 0, 0, 0, 0, 0, 0, 90, 90, 90, 90, 90, 0, 0, 0, 0, 80, 80, 80, 80, 80, 80, 80, 80, 80
Money AFK - 1500, 1400, 1400, 1400, 1382, 1382, 1582, 1582, 1582, 1570, 1570, 1570, 1735, 1727, 1727, 1711, 1687, 1887, 1887, 1437, 1437, 1437, 1347, 1547, 1547, 1539, 1525, 1275, 1449, 1199
Properties AFK - 0, 0, 0, 0, 0, 0, 0, 0, 0, 0, 0, 0, 0, 0, 0, 0, 0, 0, 0, 0, 0, 0, 0, 0, 0, 0, 0, 0, 0, 0
Assets AFK - 0, 0, 0, 0, 0, 0, 0, 0, 0, 0, 0, 0, 0, 0, 0, 0, 0, 0, 0, 0, 0, 0, 0, 0, 0, 0, 0, 0, 0, 0
Money Picker - 1500, 1500, 1308, 1308, 1508, 1508, 1131, 1181, 1181, 976, 1281, 1161, 1159, 1222, 1206, 1241, 941, 941, 941, 993, 977, 955
Properties Picker - 0, 0, 1, 1, 1, 1, 2, 2, 2, 3, 2, 3, 3, 3, 3, 3, 4, 4, 4, 4, 4, 4
Assets Picker - 0, 0, 110, 110, 110, 110, 260, 260, 260, 350, 260, 380, 380, 380, 380, 380, 480, 480, 480, 480, 480, 480
Money Tortoise - 1500, 1500, 1500, 1300, 1612, 2033, 1973, 1873, 1873, 1879, 1881, 1701, 1701, 1701, 1701, 1866, 476, 482, 482, 460, 466
Properties Tortoise - 0, 0, 0, 1, 1, 0, 1, 2, 2, 2, 2, 3, 3, 3, 3, 3, 3, 3, 3, 3, 3
Assets Tortoise - 0, 0, 0, 100, 100, 0, 10, 60, 60, 60, 60, 140, 140, 140, 140, 140, 570, 570, 570, 570, 570
Money Hoarder - 1500, 1500, 1500, 467, 264, 264, 429, 429, 327, 327, 327, 305, 331, 325, 225, 225, 211, 243, 447, 595, 439, 427
Properties Hoarder - 0, 0, 0, 3, 4, 4, 4, 4, 5, 5, 5, 5, 5, 6, 6, 6, 6, 6, 6, 6, 6, 6
Assets Hoarder - 0, 0, 0, 220, 320, 320, 320, 320, 390, 390, 390, 390, 390, 930, 930, 930, 930, 930, 930, 1080, 1230, 1230

--------Game--------- 
Winner - Picker
Turns - 15
Money LandLord - 1500, 1500, 1352, 1334, 1096, 796, 796, 696, 708, 692, 670, 868, 981, 981, 995, 95
Properties LandLord - 0, 0, 1, 1, 2, 3, 3, 3, 3, 3, 3, 3, 3, 3, 3, 3
Assets LandLord - 0, 0, 60, 60, 170, 270, 270, 270, 270, 270, 270, 210, 180, 180, 180, 180
Money Random - 1500, 1500, 1492, 1492, 1492, 1492, 1492, 1826, 1826, 1826, 1808, 1786, 1786, 1786, 1786, 1186, 1176, 1176, 1176, 1176
Properties Random - 0, 0, 0, 0, 0, 0, 0, 0, 0, 0, 0, 0, 0, 0, 0, 0, 0, 0, 0, 0
Assets Random - 0, 0, 0, 0, 0, 0, 0, 0, 0, 0, 0, 0, 0, 0, 0, 0, 0, 0, 0, 0
Money AFK - 1500, 1500, 1500, 1500, 1500, 1500, 1700, 1698, 1698, 1698, 1698, 1680, 1658, 1708, 1708, 1708, 1708, 1690, 1668, 1278, 1478, 1378, 1378, 1364, 1364, 1340, 340
Properties AFK - 0, 0, 0, 0, 0, 0, 0, 0, 0, 0, 0, 0, 0, 0, 0, 0, 0, 0, 0, 0, 0, 0, 0, 0, 0, 0, 0
Assets AFK - 0, 0, 0, 0, 0, 0, 0, 0, 0, 0, 0, 0, 0, 0, 0, 0, 0, 0, 0, 0, 0, 0, 0, 0, 0, 0, 0
Money Picker - 1500, 1500, 1488, 1589, 1567, 1467, 1122, 1116, 1016, 1116, 1116, 896, 335, 671, 451, 451, 158, 158, 388, 588, 388, 288, 288, 388, 108, 532, 82, 82
Properties Picker - 0, 0, 0, 0, 0, 1, 2, 2, 3, 2, 2, 3, 4, 4, 4, 4, 5, 5, 5, 5, 5, 5, 5, 5, 6, 6, 6, 6
Assets Picker - 0, 0, 0, 0, 0, 100, 220, 220, 270, 220, 220, 290, 1190, 1390, 1590, 1590, 1700, 1700, 1900, 1900, 2100, 2100, 2100, 2900, 3030, 3630, 3630, 3630
Money Tortoise - 1500, 1492, 1492, 1492, 1212, 1352, 1352, 1375, 463, 445, 445, 621, 621, 621, 411, 393, 371, 421, 441, 491, 491, 491, 491, 691, 491, 331
Properties Tortoise - 0, 0, 0, 0, 1, 2, 2, 4, 4, 4, 4, 4, 4, 4, 5, 5, 5, 5, 5, 5, 5, 5, 5, 5, 5, 6
Assets Tortoise - 0, 0, 0, 0, 130, 140, 140, 330, 930, 930, 930, 930, 930, 930, 1040, 1040, 1040, 1040, 1040, 1440, 1440, 1440, 1440, 1440, 1440, 1500
Money Hoarder - 1500, 1388, 935, 935, 833, 833, 833, 833, 633, 633, 387, 649, 589, 99, 316, 176, 176
Properties Hoarder - 0, 1, 3, 3, 4, 4, 4, 4, 5, 5, 5, 5, 6, 5, 4, 5, 5
Assets Hoarder - 0, 70, 180, 180, 300, 300, 300, 300, 400, 400, 450, 450, 460, 450, 410, 490, 490

--------Game--------- 
Winner - AFK
Turns - 15
Money LandLord - 1500, 1400, 1400, 1384, 1362, 1212, 1247, 1247, 1282, 1282, 1282, 1482, 1426, 1426, 1414, 1414, 1114, 1114, 1114, 1104, 1086, 1090, 1294, 1194, 1184, 1166, 1144, 1316
Properties LandLord - 0, 0, 0, 0, 0, 1, 1, 1, 1, 1, 1, 1, 2, 2, 2, 2, 3, 3, 3, 3, 3, 3, 3, 3, 3, 3, 3, 3
Assets LandLord - 0, 0, 0, 0, 0, 150, 150, 150, 150, 150, 150, 150, 160, 160, 160, 160, 260, 260, 260, 260, 260, 260, 260, 260, 260, 260, 260, 260
Money Random - 1500, 1500, 1500, 1249, 1180, 1180, 1040, 900, 900, 1100, 1100, 1114, 1114, 796, 796, 774, 940
Properties Random - 0, 0, 0, 1, 2, 2, 3, 4, 4, 4, 4, 4, 4, 5, 5, 5, 5
Assets Random - 0, 0, 0, 40, 140, 140, 180, 260, 260, 260, 260, 260, 260, 380, 380, 380, 380
Money AFK - 1500, 1400, 1400, 1400, 1600, 1600, 1592, 1592, 1570, 1770, 1770, 1770, 1754, 1732, 1906, 1902, 1892, 1892, 1892, 1880, 1866, 1848, 1826, 2026, 2026, 2016, 2000, 1976, 2148, 2144, 2132, 2132
Properties AFK - 0, 0, 0, 0, 0, 0, 0, 0, 0, 0, 0, 0, 0, 0, 0, 0, 0, 0, 0, 0, 0, 0, 0, 0, 0, 0, 0, 0, 0, 0, 0, 0
Assets AFK - 0, 0, 0, 0, 0, 0, 0, 0, 0, 0, 0, 0, 0, 0, 0, 0, 0, 0, 0, 0, 0, 0, 0, 0, 0, 0, 0, 0, 0, 0, 0, 0
Money Picker - 1500, 1514, 1851, 1851, 1829, 1794, 1594, 1644, 1644, 1626, 1604, 1578, 1578, 1576, 1576, 1576, 1396, 1397, 1597, 1597, 1591, 1581, 1581, 1581, 1781, 1181, 1169, 1151, 895, 945
Properties Picker - 0, 0, 0, 0, 0, 0, 1, 1, 1, 1, 1, 1, 1, 1, 1, 1, 2, 2, 2, 2, 2, 2, 2, 2, 2, 2, 2, 2, 3, 3
Assets Picker - 0, 0, 0, 0, 0, 0, 200, 200, 200, 200, 200, 200, 200, 200, 200, 200, 280, 290, 290, 290, 290, 290, 290, 290, 290, 290, 290, 290, 420, 420
Money Tortoise - 1500, 1500, 1500, 1464, 1106, 1256, 1264, 1250, 1300, 1412, 1422, 1322, 1344, 1344, 1372, 1572, 1572, 472, 456, 456, 628, 628, 450, 434, 412, 384
Properties Tortoise - 0, 0, 0, 1, 3, 3, 3, 3, 3, 4, 4, 4, 4, 4, 4, 4, 4, 5, 5, 5, 5, 5, 5, 5, 5, 5
Assets Tortoise - 0, 0, 0, 50, 230, 230, 230, 230, 230, 240, 240, 240, 240, 240, 240, 240, 240, 1040, 1040, 1040, 1040, 1040, 1040, 1040, 1040, 1040
Money Hoarder - 1500, 1266, 1066, 560, 403, 568, 468, 308, 208, 408, 348, 342, 332, 316, 362, 330, 328, 320, 79, 65, 435, 447, 447, 447, 447, 437, 423, 423, 471, 535, 685, 681, 671
Properties Hoarder - 0, 2, 3, 5, 4, 4, 4, 5, 5, 5, 6, 6, 6, 6, 6, 6, 6, 6, 7, 7, 6, 6, 6, 6, 6, 6, 6, 6, 6, 6, 6, 6, 6
Assets Hoarder - 0, 120, 220, 400, 350, 350, 350, 410, 410, 410, 420, 420, 420, 420, 420, 530, 530, 530, 610, 610, 490, 490, 490, 490, 490, 490, 490, 490, 490, 490, 490, 490, 490

--------Game--------- 
Winner - AFK
Turns - 15
Money LandLord - 1500, 1400, 1400, 1384, 1362, 1212, 1247, 1247, 1282, 1282, 1282, 1482, 1426, 1426, 1414, 1414, 1114, 1114, 1114, 1104, 1086, 1090, 1294, 1194, 1184, 1166, 1144, 1316
Properties LandLord - 0, 0, 0, 0, 0, 1, 1, 1, 1, 1, 1, 1, 2, 2, 2, 2, 3, 3, 3, 3, 3, 3, 3, 3, 3, 3, 3, 3
Assets LandLord - 0, 0, 0, 0, 0, 150, 150, 150, 150, 150, 150, 150, 160, 160, 160, 160, 260, 260, 260, 260, 260, 260, 260, 260, 260, 260, 260, 260
Money Random - 1500, 1500, 1500, 1249, 1180, 1180, 1040, 900, 900, 1100, 1100, 1114, 1114, 796, 796, 774, 940
Properties Random - 0, 0, 0, 1, 2, 2, 3, 4, 4, 4, 4, 4, 4, 5, 5, 5, 5
Assets Random - 0, 0, 0, 40, 140, 140, 180, 260, 260, 260, 260, 260, 260, 380, 380, 380, 380
Money AFK - 1500, 1400, 1400, 1400, 1600, 1600, 1592, 1592, 1570, 1770, 1770, 1770, 1754, 1732, 1906, 1902, 1892, 1892, 1892, 1880, 1866, 1848, 1826, 2026, 2026, 2016, 2000, 1976, 2148, 2144, 2132, 2132
Properties AFK - 0, 0, 0, 0, 0, 0, 0, 0, 0, 0, 0, 0, 0, 0, 0, 0, 0, 0, 0, 0, 0, 0, 0, 0, 0, 0, 0, 0, 0, 0, 0, 0
Assets AFK - 0, 0, 0, 0, 0, 0, 0, 0, 0, 0, 0, 0, 0, 0, 0, 0, 0, 0, 0, 0, 0, 0, 0, 0, 0, 0, 0, 0, 0, 0, 0, 0
Money Picker - 1500, 1514, 1851, 1851, 1829, 1794, 1594, 1644, 1644, 1626, 1604, 1578, 1578, 1576, 1576, 1576, 1396, 1397, 1597, 1597, 1591, 1581, 1581, 1581, 1781, 1181, 1169, 1151, 895, 945
Properties Picker - 0, 0, 0, 0, 0, 0, 1, 1, 1, 1, 1, 1, 1, 1, 1, 1, 2, 2, 2, 2, 2, 2, 2, 2, 2, 2, 2, 2, 3, 3
Assets Picker - 0, 0, 0, 0, 0, 0, 200, 200, 200, 200, 200, 200, 200, 200, 200, 200, 280, 290, 290, 290, 290, 290, 290, 290, 290, 290, 290, 290, 420, 420
Money Tortoise - 1500, 1500, 1500, 1464, 1106, 1256, 1264, 1250, 1300, 1412, 1422, 1322, 1344, 1344, 1372, 1572, 1572, 472, 456, 456, 628, 628, 450, 434, 412, 384, 534
Properties Tortoise - 0, 0, 0, 1, 3, 3, 3, 3, 3, 4, 4, 4, 4, 4, 4, 4, 4, 5, 5, 5, 5, 5, 5, 5, 5, 5, 5
Assets Tortoise - 0, 0, 0, 50, 230, 230, 230, 230, 230, 240, 240, 240, 240, 240, 240, 240, 240, 1040, 1040, 1040, 1040, 1040, 1040, 1040, 1040, 1040, 1040
Money Hoarder - 1500, 1266, 1066, 560, 403, 568, 468, 308, 208, 408, 348, 342, 332, 316, 362, 330, 328, 320, 79, 65, 435, 447, 447, 447, 447, 437, 423, 423, 471, 535, 685, 681, 671
Properties Hoarder - 0, 2, 3, 5, 4, 4, 4, 5, 5, 5, 6, 6, 6, 6, 6, 6, 6, 6, 7, 7, 6, 6, 6, 6, 6, 6, 6, 6, 6, 6, 6, 6, 6
Assets Hoarder - 0, 120, 220, 400, 350, 350, 350, 410, 410, 410, 420, 420, 420, 420, 420, 530, 530, 530, 610, 610, 490, 490, 490, 490, 490, 490, 490, 490, 490, 490, 490, 490, 490

--------Game--------- 
Winner - AFK
Turns - 15
Money LandLord - 1500, 1400, 1400, 1384, 1362, 1212, 1247, 1247, 1282, 1282, 1282, 1482, 1426, 1426, 1414, 1414, 1114, 1114, 1114, 1104, 1086, 1090, 1294, 1194, 1184, 1166, 1144, 1316
Properties LandLord - 0, 0, 0, 0, 0, 1, 1, 1, 1, 1, 1, 1, 2, 2, 2, 2, 3, 3, 3, 3, 3, 3, 3, 3, 3, 3, 3, 3
Assets LandLord - 0, 0, 0, 0, 0, 150, 150, 150, 150, 150, 150, 150, 160, 160, 160, 160, 260, 260, 260, 260, 260, 260, 260, 260, 260, 260, 260, 260
Money Random - 1500, 1500, 1500, 1249, 1180, 1180, 1040, 900, 900, 1100, 1100, 1114, 1114, 796, 796, 774, 940, 1022
Properties Random - 0, 0, 0, 1, 2, 2, 3, 4, 4, 4, 4, 4, 4, 5, 5, 5, 5, 5
Assets Random - 0, 0, 0, 40, 140, 140, 180, 260, 260, 260, 260, 260, 260, 380, 380, 380, 380, 380
Money AFK - 1500, 1400, 1400, 1400, 1600, 1600, 1592, 1592, 1570, 1770, 1770, 1770, 1754, 1732, 1906, 1902, 1892, 1892, 1892, 1880, 1866, 1848, 1826, 2026, 2026, 2016, 2000, 1976, 2148, 2144, 2132, 2132
Properties AFK - 0, 0, 0, 0, 0, 0, 0, 0, 0, 0, 0, 0, 0, 0, 0, 0, 0, 0, 0, 0, 0, 0, 0, 0, 0, 0, 0, 0, 0, 0, 0, 0
Assets AFK - 0, 0, 0, 0, 0, 0, 0, 0, 0, 0, 0, 0, 0, 0, 0, 0, 0, 0, 0, 0, 0, 0, 0, 0, 0, 0, 0, 0, 0, 0, 0, 0
Money Picker - 1500, 1514, 1851, 1851, 1829, 1794, 1594, 1644, 1644, 1626, 1604, 1578, 1578, 1576, 1576, 1576, 1396, 1397, 1597, 1597, 1591, 1581, 1581, 1581, 1781, 1181, 1169, 1151, 895, 945
Properties Picker - 0, 0, 0, 0, 0, 0, 1, 1, 1, 1, 1, 1, 1, 1, 1, 1, 2, 2, 2, 2, 2, 2, 2, 2, 2, 2, 2, 2, 3, 3
Assets Picker - 0, 0, 0, 0, 0, 0, 200, 200, 200, 200, 200, 200, 200, 200, 200, 200, 280, 290, 290, 290, 290, 290, 290, 290, 290, 290, 290, 290, 420, 420
Money Tortoise - 1500, 1500, 1500, 1464, 1106, 1256, 1264, 1250, 1300, 1412, 1422, 1322, 1344, 1344, 1372, 1572, 1572, 472, 456, 456, 628, 628, 450, 434, 412, 384, 534
Properties Tortoise - 0, 0, 0, 1, 3, 3, 3, 3, 3, 4, 4, 4, 4, 4, 4, 4, 4, 5, 5, 5, 5, 5, 5, 5, 5, 5, 5
Assets Tortoise - 0, 0, 0, 50, 230, 230, 230, 230, 230, 240, 240, 240, 240, 240, 240, 240, 240, 1040, 1040, 1040, 1040, 1040, 1040, 1040, 1040, 1040, 1040
Money Hoarder - 1500, 1266, 1066, 560, 403, 568, 468, 308, 208, 408, 348, 342, 332, 316, 362, 330, 328, 320, 79, 65, 435, 447, 447, 447, 447, 437, 423, 423, 471, 535, 685, 681, 671, 711
Properties Hoarder - 0, 2, 3, 5, 4, 4, 4, 5, 5, 5, 6, 6, 6, 6, 6, 6, 6, 6, 7, 7, 6, 6, 6, 6, 6, 6, 6, 6, 6, 6, 6, 6, 6, 6
Assets Hoarder - 0, 120, 220, 400, 350, 350, 350, 410, 410, 410, 420, 420, 420, 420, 420, 530, 530, 530, 610, 610, 490, 490, 490, 490, 490, 490, 490, 490, 490, 490, 490, 490, 490, 490

--------Game--------- 
Winner - AFK
Turns - 15
Money LandLord - 1500, 1400, 1400, 1384, 1362, 1212, 1247, 1247, 1282, 1282, 1282, 1482, 1426, 1426, 1414, 1414, 1114, 1114, 1114, 1104, 1086, 1090, 1294, 1194, 1184, 1166, 1144, 1316
Properties LandLord - 0, 0, 0, 0, 0, 1, 1, 1, 1, 1, 1, 1, 2, 2, 2, 2, 3, 3, 3, 3, 3, 3, 3, 3, 3, 3, 3, 3
Assets LandLord - 0, 0, 0, 0, 0, 150, 150, 150, 150, 150, 150, 150, 160, 160, 160, 160, 260, 260, 260, 260, 260, 260, 260, 260, 260, 260, 260, 260
Money Random - 1500, 1500, 1500, 1249, 1180, 1180, 1040, 900, 900, 1100, 1100, 1114, 1114, 796, 796, 774, 940, 1022, 1000
Properties Random - 0, 0, 0, 1, 2, 2, 3, 4, 4, 4, 4, 4, 4, 5, 5, 5, 5, 5, 5
Assets Random - 0, 0, 0, 40, 140, 140, 180, 260, 260, 260, 260, 260, 260, 380, 380, 380, 380, 380, 380
Money AFK - 1500, 1400, 1400, 1400, 1600, 1600, 1592, 1592, 1570, 1770, 1770, 1770, 1754, 1732, 1906, 1902, 1892, 1892, 1892, 1880, 1866, 1848, 1826, 2026, 2026, 2016, 2000, 1976, 2148, 2144, 2132, 2132
Properties AFK - 0, 0, 0, 0, 0, 0, 0, 0, 0, 0, 0, 0, 0, 0, 0, 0, 0, 0, 0, 0, 0, 0, 0, 0, 0, 0, 0, 0, 0, 0, 0, 0
Assets AFK - 0, 0, 0, 0, 0, 0, 0, 0, 0, 0, 0, 0, 0, 0, 0, 0, 0, 0, 0, 0, 0, 0, 0, 0, 0, 0, 0, 0, 0, 0, 0, 0
Money Picker - 1500, 1514, 1851, 1851, 1829, 1794, 1594, 1644, 1644, 1626, 1604, 1578, 1578, 1576, 1576, 1576, 1396, 1397, 1597, 1597, 1591, 1581, 1581, 1581, 1781, 1181, 1169, 1151, 895, 945
Properties Picker - 0, 0, 0, 0, 0, 0, 1, 1, 1, 1, 1, 1, 1, 1, 1, 1, 2, 2, 2, 2, 2, 2, 2, 2, 2, 2, 2, 2, 3, 3
Assets Picker - 0, 0, 0, 0, 0, 0, 200, 200, 200, 200, 200, 200, 200, 200, 200, 200, 280, 290, 290, 290, 290, 290, 290, 290, 290, 290, 290, 290, 420, 420
Money Tortoise - 1500, 1500, 1500, 1464, 1106, 1256, 1264, 1250, 1300, 1412, 1422, 1322, 1344, 1344, 1372, 1572, 1572, 472, 456, 456, 628, 628, 450, 434, 412, 384, 534
Properties Tortoise - 0, 0, 0, 1, 3, 3, 3, 3, 3, 4, 4, 4, 4, 4, 4, 4, 4, 5, 5, 5, 5, 5, 5, 5, 5, 5, 5
Assets Tortoise - 0, 0, 0, 50, 230, 230, 230, 230, 230, 240, 240, 240, 240, 240, 240, 240, 240, 1040, 1040, 1040, 1040, 1040, 1040, 1040, 1040, 1040, 1040
Money Hoarder - 1500, 1266, 1066, 560, 403, 568, 468, 308, 208, 408, 348, 342, 332, 316, 362, 330, 328, 320, 79, 65, 435, 447, 447, 447, 447, 437, 423, 423, 471, 535, 685, 681, 671, 711
Properties Hoarder - 0, 2, 3, 5, 4, 4, 4, 5, 5, 5, 6, 6, 6, 6, 6, 6, 6, 6, 7, 7, 6, 6, 6, 6, 6, 6, 6, 6, 6, 6, 6, 6, 6, 6
Assets Hoarder - 0, 120, 220, 400, 350, 350, 350, 410, 410, 410, 420, 420, 420, 420, 420, 530, 530, 530, 610, 610, 490, 490, 490, 490, 490, 490, 490, 490, 490, 490, 490, 490, 490, 490

--------Game--------- 
Winner - AFK
Turns - 15
Money LandLord - 1500, 1400, 1400, 1384, 1362, 1212, 1247, 1247, 1282, 1282, 1282, 1482, 1426, 1426, 1414, 1414, 1114, 1114, 1114, 1104, 1086, 1090, 1294, 1194, 1184, 1166, 1144, 1316, 1316, 1306, 1292
Properties LandLord - 0, 0, 0, 0, 0, 1, 1, 1, 1, 1, 1, 1, 2, 2, 2, 2, 3, 3, 3, 3, 3, 3, 3, 3, 3, 3, 3, 3, 3, 3, 3
Assets LandLord - 0, 0, 0, 0, 0, 150, 150, 150, 150, 150, 150, 150, 160, 160, 160, 160, 260, 260, 260, 260, 260, 260, 260, 260, 260, 260, 260, 260, 260, 260, 260
Money Random - 1500, 1500, 1500, 1249, 1180, 1180, 1040, 900, 900, 1100, 1100, 1114, 1114, 796, 796, 774, 940, 1022, 1000
Properties Random - 0, 0, 0, 1, 2, 2, 3, 4, 4, 4, 4, 4, 4, 5, 5, 5, 5, 5, 5
Assets Random - 0, 0, 0, 40, 140, 140, 180, 260, 260, 260, 260, 260, 260, 380, 380, 380, 380, 380, 380
Money AFK - 1500, 1400, 1400, 1400, 1600, 1600, 1592, 1592, 1570, 1770, 1770, 1770, 1754, 1732, 1906, 1902, 1892, 1892, 1892, 1880, 1866, 1848, 1826, 2026, 2026, 2016, 2000, 1976, 2148, 2144, 2132, 2132
Properties AFK - 0, 0, 0, 0, 0, 0, 0, 0, 0, 0, 0, 0, 0, 0, 0, 0, 0, 0, 0, 0, 0, 0, 0, 0, 0, 0, 0, 0, 0, 0, 0, 0
Assets AFK - 0, 0, 0, 0, 0, 0, 0, 0, 0, 0, 0, 0, 0, 0, 0, 0, 0, 0, 0, 0, 0, 0, 0, 0, 0, 0, 0, 0, 0, 0, 0, 0
Money Picker - 1500, 1514, 1851, 1851, 1829, 1794, 1594, 1644, 1644, 1626, 1604, 1578, 1578, 1576, 1576, 1576, 1396, 1397, 1597, 1597, 1591, 1581, 1581, 1581, 1781, 1181, 1169, 1151, 895, 945
Properties Picker - 0, 0, 0, 0, 0, 0, 1, 1, 1, 1, 1, 1, 1, 1, 1, 1, 2, 2, 2, 2, 2, 2, 2, 2, 2, 2, 2, 2, 3, 3
Assets Picker - 0, 0, 0, 0, 0, 0, 200, 200, 200, 200, 200, 200, 200, 200, 200, 200, 280, 290, 290, 290, 290, 290, 290, 290, 290, 290, 290, 290, 420, 420
Money Tortoise - 1500, 1500, 1500, 1464, 1106, 1256, 1264, 1250, 1300, 1412, 1422, 1322, 1344, 1344, 1372, 1572, 1572, 472, 456, 456, 628, 628, 450, 434, 412, 384, 534
Properties Tortoise - 0, 0, 0, 1, 3, 3, 3, 3, 3, 4, 4, 4, 4, 4, 4, 4, 4, 5, 5, 5, 5, 5, 5, 5, 5, 5, 5
Assets Tortoise - 0, 0, 0, 50, 230, 230, 230, 230, 230, 240, 240, 240, 240, 240, 240, 240, 240, 1040, 1040, 1040, 1040, 1040, 1040, 1040, 1040, 1040, 1040
Money Hoarder - 1500, 1266, 1066, 560, 403, 568, 468, 308, 208, 408, 348, 342, 332, 316, 362, 330, 328, 320, 79, 65, 435, 447, 447, 447, 447, 437, 423, 423, 471, 535, 685, 681, 671, 711
Properties Hoarder - 0, 2, 3, 5, 4, 4, 4, 5, 5, 5, 6, 6, 6, 6, 6, 6, 6, 6, 7, 7, 6, 6, 6, 6, 6, 6, 6, 6, 6, 6, 6, 6, 6, 6
Assets Hoarder - 0, 120, 220, 400, 350, 350, 350, 410, 410, 410, 420, 420, 420, 420, 420, 530, 530, 530, 610, 610, 490, 490, 490, 490, 490, 490, 490, 490, 490, 490, 490, 490, 490, 490

--------Game--------- 
Winner - AFK
Turns - 15
Money LandLord - 1500, 1400, 1400, 1384, 1362, 1212, 1247, 1247, 1282, 1282, 1282, 1482, 1426, 1426, 1414, 1414, 1114, 1114, 1114, 1104, 1086, 1090, 1294, 1194, 1184, 1166, 1144, 1316, 1316, 1306, 1292, 1270
Properties LandLord - 0, 0, 0, 0, 0, 1, 1, 1, 1, 1, 1, 1, 2, 2, 2, 2, 3, 3, 3, 3, 3, 3, 3, 3, 3, 3, 3, 3, 3, 3, 3, 3
Assets LandLord - 0, 0, 0, 0, 0, 150, 150, 150, 150, 150, 150, 150, 160, 160, 160, 160, 260, 260, 260, 260, 260, 260, 260, 260, 260, 260, 260, 260, 260, 260, 260, 260
Money Random - 1500, 1500, 1500, 1249, 1180, 1180, 1040, 900, 900, 1100, 1100, 1114, 1114, 796, 796, 774, 940, 1022, 1000
Properties Random - 0, 0, 0, 1, 2, 2, 3, 4, 4, 4, 4, 4, 4, 5, 5, 5, 5, 5, 5
Assets Random - 0, 0, 0, 40, 140, 140, 180, 260, 260, 260, 260, 260, 260, 380, 380, 380, 380, 380, 380
Money AFK - 1500, 1400, 1400, 1400, 1600, 1600, 1592, 1592, 1570, 1770, 1770, 1770, 1754, 1732, 1906, 1902, 1892, 1892, 1892, 1880, 1866, 1848, 1826, 2026, 2026, 2016, 2000, 1976, 2148, 2144, 2132, 2132
Properties AFK - 0, 0, 0, 0, 0, 0, 0, 0, 0, 0, 0, 0, 0, 0, 0, 0, 0, 0, 0, 0, 0, 0, 0, 0, 0, 0, 0, 0, 0, 0, 0, 0
Assets AFK - 0, 0, 0, 0, 0, 0, 0, 0, 0, 0, 0, 0, 0, 0, 0, 0, 0, 0, 0, 0, 0, 0, 0, 0, 0, 0, 0, 0, 0, 0, 0, 0
Money Picker - 1500, 1514, 1851, 1851, 1829, 1794, 1594, 1644, 1644, 1626, 1604, 1578, 1578, 1576, 1576, 1576, 1396, 1397, 1597, 1597, 1591, 1581, 1581, 1581, 1781, 1181, 1169, 1151, 895, 945
Properties Picker - 0, 0, 0, 0, 0, 0, 1, 1, 1, 1, 1, 1, 1, 1, 1, 1, 2, 2, 2, 2, 2, 2, 2, 2, 2, 2, 2, 2, 3, 3
Assets Picker - 0, 0, 0, 0, 0, 0, 200, 200, 200, 200, 200, 200, 200, 200, 200, 200, 280, 290, 290, 290, 290, 290, 290, 290, 290, 290, 290, 290, 420, 420
Money Tortoise - 1500, 1500, 1500, 1464, 1106, 1256, 1264, 1250, 1300, 1412, 1422, 1322, 1344, 1344, 1372, 1572, 1572, 472, 456, 456, 628, 628, 450, 434, 412, 384, 534
Properties Tortoise - 0, 0, 0, 1, 3, 3, 3, 3, 3, 4, 4, 4, 4, 4, 4, 4, 4, 5, 5, 5, 5, 5, 5, 5, 5, 5, 5
Assets Tortoise - 0, 0, 0, 50, 230, 230, 230, 230, 230, 240, 240, 240, 240, 240, 240, 240, 240, 1040, 1040, 1040, 1040, 1040, 1040, 1040, 1040, 1040, 1040
Money Hoarder - 1500, 1266, 1066, 560, 403, 568, 468, 308, 208, 408, 348, 342, 332, 316, 362, 330, 328, 320, 79, 65, 435, 447, 447, 447, 447, 437, 423, 423, 471, 535, 685, 681, 671, 711
Properties Hoarder - 0, 2, 3, 5, 4, 4, 4, 5, 5, 5, 6, 6, 6, 6, 6, 6, 6, 6, 7, 7, 6, 6, 6, 6, 6, 6, 6, 6, 6, 6, 6, 6, 6, 6
Assets Hoarder - 0, 120, 220, 400, 350, 350, 350, 410, 410, 410, 420, 420, 420, 420, 420, 530, 530, 530, 610, 610, 490, 490, 490, 490, 490, 490, 490, 490, 490, 490, 490, 490, 490, 490

--------Game--------- 
Winner - Tortoise
Turns - 53
Money LandLord - 1500, 1400, 1400, 1384, 1362, 1212, 1247, 1247, 1282, 1282, 1282, 1482, 1426, 1426, 1414, 1414, 1114, 1114, 1114, 1104, 1086, 1090, 1294, 1194, 1184, 1166, 1144, 1316, 1316, 1306, 1292, 1270, 1500, 1500, 1490, 1516, 1516, 1716, 1616, 1606, 1606, 1584, 1784, 1782, 1782, 1182, 1168, 1168, 1372, 1370, 1370, 1370, 1370, 1346, 1496, 946, 946, 946, 1222, 1222, 1247, 1157, 1157, 1157, 937, 913, 613, 453
Properties LandLord - 0, 0, 0, 0, 0, 1, 1, 1, 1, 1, 1, 1, 2, 2, 2, 2, 3, 3, 3, 3, 3, 3, 3, 3, 3, 3, 3, 3, 3, 3, 3, 3, 3, 3, 3, 3, 3, 3, 3, 3, 3, 3, 3, 3, 3, 3, 3, 3, 3, 3, 3, 3, 3, 3, 3, 3, 3, 3, 2, 2, 2, 2, 2, 2, 3, 3, 3, 3
Assets LandLord - 0, 0, 0, 0, 0, 150, 150, 150, 150, 150, 150, 150, 160, 160, 160, 160, 260, 260, 260, 260, 260, 260, 260, 260, 260, 260, 260, 260, 260, 260, 260, 260, 260, 260, 260, 260, 260, 260, 260, 260, 260, 260, 260, 260, 260, 260, 260, 260, 260, 260, 260, 260, 260, 260, 260, 260, 260, 260, 170, 170, 170, 170, 170, 170, 240, 240, 240, 240
Money Random - 1500, 1500, 1500, 1249, 1180, 1180, 1040, 900, 900, 1100, 1100, 1114, 1114, 796, 796, 774, 940, 1022, 1000, 1224, 1222, 1222, 1222, 1210, 1264, 1300, 1278, 1278, 678, 692, 692, 674, 908, 808, 258, 258, 240, 416, 416, 430, 440, 418, 632, 630, 30, 16
Properties Random - 0, 0, 0, 1, 2, 2, 3, 4, 4, 4, 4, 4, 4, 5, 5, 5, 5, 5, 5, 5, 5, 5, 5, 5, 5, 5, 5, 5, 5, 5, 5, 5, 5, 5, 5, 5, 5, 5, 5, 5, 5, 5, 5, 5, 5, 5
Assets Random - 0, 0, 0, 40, 140, 140, 180, 260, 260, 260, 260, 260, 260, 380, 380, 380, 380, 380, 380, 380, 380, 380, 380, 380, 380, 380, 380, 380, 380, 380, 380, 380, 380, 380, 380, 380, 380, 380, 380, 380, 380, 380, 380, 380, 380, 380
Money AFK - 1500, 1400, 1400, 1400, 1600, 1600, 1592, 1592, 1570, 1770, 1770, 1770, 1754, 1732, 1906, 1902, 1892, 1892, 1892, 1880, 1866, 1848, 1826, 2026, 2026, 2016, 2000, 1976, 2148, 2144, 2132, 2132, 2132, 2132, 2132, 2132, 2108, 2308, 2308, 2308, 2308, 2286, 2486, 2482, 2482, 2482, 2482, 2482, 2482, 2482, 2482, 2658, 2658, 2558, 2558, 2558, 2558, 2758, 2508, 1958, 1958, 1958, 1958, 1958, 1058, 1058, 1048, 1048, 1048
Properties AFK - 0, 0, 0, 0, 0, 0, 0, 0, 0, 0, 0, 0, 0, 0, 0, 0, 0, 0, 0, 0, 0, 0, 0, 0, 0, 0, 0, 0, 0, 0, 0, 0, 0, 0, 0, 0, 0, 0, 0, 0, 0, 0, 0, 0, 0, 0, 0, 0, 0, 0, 0, 0, 0, 0, 0, 0, 0, 0, 0, 0, 0, 0, 0, 0, 0, 0, 0, 0, 0
Assets AFK - 0, 0, 0, 0, 0, 0, 0, 0, 0, 0, 0, 0, 0, 0, 0, 0, 0, 0, 0, 0, 0, 0, 0, 0, 0, 0, 0, 0, 0, 0, 0, 0, 0, 0, 0, 0, 0, 0, 0, 0, 0, 0, 0, 0, 0, 0, 0, 0, 0, 0, 0, 0, 0, 0, 0, 0, 0, 0, 0, 0, 0, 0, 0, 0, 0, 0, 0, 0, 0
Money Picker - 1500, 1514, 1851, 1851, 1829, 1794, 1594, 1644, 1644, 1626, 1604, 1578, 1578, 1576, 1576, 1576, 1396, 1397, 1597, 1597, 1591, 1581, 1581, 1581, 1781, 1181, 1169, 1151, 895, 945, 1195, 1195, 1181, 1159, 1131, 1131, 581, 571, 595, 573, 773, 673, 741, 765, 765, 989, 987, 987, 987, 969, 969, 969, 969, 419, 407, 431, 143, 343, 318, 318, 442, 442, 420, 444, 444, 444, 124, 324, 324, 324, 476, 216, 264, 264, 264, 242, 442
Properties Picker - 0, 0, 0, 0, 0, 0, 1, 1, 1, 1, 1, 1, 1, 1, 1, 1, 2, 2, 2, 2, 2, 2, 2, 2, 2, 2, 2, 2, 3, 3, 3, 3, 3, 3, 3, 3, 3, 3, 3, 3, 3, 3, 3, 3, 3, 3, 3, 3, 3, 3, 3, 3, 3, 3, 3, 3, 4, 4, 4, 4, 4, 4, 4, 4, 4, 4, 5, 5, 5, 5, 5, 6, 6, 6, 6, 6, 6
Assets Picker - 0, 0, 0, 0, 0, 0, 200, 200, 200, 200, 200, 200, 200, 200, 200, 200, 280, 290, 290, 290, 290, 290, 290, 290, 290, 290, 290, 290, 420, 420, 420, 420, 420, 420, 420, 420, 420, 420, 420, 420, 420, 420, 420, 420, 420, 420, 420, 420, 420, 420, 420, 420, 420, 420, 420, 420, 970, 970, 1170, 1170, 1570, 1570, 1570, 1570, 1570, 1570, 1690, 1690, 1690, 1690, 2690, 2800, 2800, 2800, 2800, 2800, 2800
Money Tortoise - 1500, 1500, 1500, 1464, 1106, 1256, 1264, 1250, 1300, 1412, 1422, 1322, 1344, 1344, 1372, 1572, 1572, 472, 456, 456, 628, 628, 450, 434, 412, 384, 534, 484, 472, 474, 650, 650, 494, 478, 460, 634, 456, 456, 442, 418, 418, 418, 470, 460, 446, 468, 694, 494, 494, 484, 458, 460, 460, 460, 470, 452, 428, 578, 478, 478, 418, 618, 468, 458, 458, 468, 490, 490, 490, 490, 490, 466, 638, 488, 348, 358, 334, 534, 484, 484, 484, 484, 460, 660, 460, 460, 460
Properties Tortoise - 0, 0, 0, 1, 3, 3, 3, 3, 3, 4, 4, 4, 4, 4, 4, 4, 4, 5, 5, 5, 5, 5, 5, 5, 5, 5, 5, 5, 5, 5, 5, 5, 5, 5, 5, 5, 5, 5, 5, 5, 5, 5, 5, 5, 5, 5, 5, 5, 5, 5, 5, 5, 5, 5, 6, 6, 6, 6, 6, 6, 7, 7, 7, 7, 7, 7, 7, 7, 7, 7, 7, 7, 7, 7, 8, 8, 8, 8, 8, 8, 8, 8, 8, 8, 8, 8, 8
Assets Tortoise - 0, 0, 0, 50, 230, 230, 230, 230, 230, 240, 240, 240, 240, 240, 240, 240, 240, 1040, 1040, 1040, 1040, 1040, 1040, 1040, 1040, 1040, 1040, 1040, 1040, 1040, 1040, 1040, 1040, 1040, 1040, 1040, 1040, 1040, 1040, 1040, 1040, 1040, 1040, 1040, 1040, 1040, 1040, 1040, 1040, 1040, 1040, 1040, 1040, 1040, 1080, 1080, 1080, 1080, 1080, 1080, 1190, 1190, 1340, 1440, 1440, 1590, 1590, 1590, 1590, 1590, 1590, 1590, 1590, 1590, 1630, 1630, 1630, 1630, 1630, 1630, 1630, 1630, 1630, 1630, 1630, 1630, 1630
Money Hoarder - 1500, 1266, 1066, 560, 403, 568, 468, 308, 208, 408, 348, 342, 332, 316, 362, 330, 328, 320, 79, 65, 435, 447, 447, 447, 447, 437, 423, 423, 471, 535, 685, 681, 671, 711, 767, 941, 937, 985, 969, 947, 1147, 1165, 1155, 1155, 1135, 1111, 1311, 1309, 759, 159, 177, 177, 155, 213, 199, 225, 201, 401, 419
Properties Hoarder - 0, 2, 3, 5, 4, 4, 4, 5, 5, 5, 6, 6, 6, 6, 6, 6, 6, 6, 7, 7, 6, 6, 6, 6, 6, 6, 6, 6, 6, 6, 6, 6, 6, 6, 6, 6, 6, 6, 6, 6, 6, 6, 6, 6, 6, 6, 6, 6, 6, 6, 6, 6, 6, 6, 6, 6, 6, 6, 6
Assets Hoarder - 0, 120, 220, 400, 350, 350, 350, 410, 410, 410, 420, 420, 420, 420, 420, 530, 530, 530, 610, 610, 490, 490, 490, 490, 490, 490, 490, 490, 490, 490, 490, 490, 490, 490, 490, 490, 490, 490, 490, 490, 490, 490, 490, 490, 490, 490, 490, 490, 490, 490, 490, 490, 490, 490, 490, 490, 490, 490, 490

--------Game--------- 
Winner - Picker
Turns - 15
Money LandLord - 1500, 1500, 1340, 1340, 1080, 960, 1565, 1565, 1565, 1541, 1741, 1641, 1631, 1613, 1589, 1811, 1807, 1807, 1807, 1791, 1791, 1761, 1701, 1745, 1625, 1619, 1712, 1462, 1454, 1444
Properties LandLord - 0, 0, 1, 1, 2, 3, 1, 1, 1, 1, 1, 1, 1, 1, 1, 1, 1, 1, 1, 1, 1, 2, 3, 3, 3, 3, 3, 3, 3, 3
Assets LandLord - 0, 0, 60, 60, 170, 290, 110, 110, 110, 110, 110, 110, 110, 110, 110, 110, 110, 110, 110, 110, 110, 220, 230, 230, 300, 300, 320, 320, 320, 320
Money Random - 1500, 1500, 1500, 1500, 1500, 1500, 1066, 1508, 1500, 1500, 1482, 1482, 1682, 1682, 1682, 1682, 1658, 1858, 1854, 1854, 1854, 1528, 1506
Properties Random - 0, 0, 0, 0, 0, 0, 2, 0, 0, 0, 0, 0, 0, 0, 0, 0, 0, 0, 0, 0, 0, 1, 1
Assets Random - 0, 0, 0, 0, 0, 0, 130, 0, 0, 0, 0, 0, 0, 0, 0, 0, 0, 0, 0, 0, 0, 70, 70
Money AFK - 1500, 1494, 1494, 1494, 1494, 1494, 1644, 1644, 1634, 1634, 1634, 1806, 1706, 1706, 1706, 1688, 1660, 1660, 1660, 1660, 1648, 1648, 1626, 1826, 1376, 1368, 1358, 1340, 1340, 940, 934, 922, 906, 906
Properties AFK - 0, 0, 0, 0, 0, 0, 0, 0, 0, 0, 0, 0, 0, 0, 0, 0, 0, 0, 0, 0, 0, 0, 0, 0, 0, 0, 0, 0, 0, 0, 0, 0, 0, 0
Assets AFK - 0, 0, 0, 0, 0, 0, 0, 0, 0, 0, 0, 0, 0, 0, 0, 0, 0, 0, 0, 0, 0, 0, 0, 0, 0, 0, 0, 0, 0, 0, 0, 0, 0, 0
Money Picker - 1500, 1400, 1400, 1400, 1209, 1185, 1035, 923, 923, 1124, 1102, 1102, 1330, 1330, 1358, 1408, 1386, 1080, 530, 320, 320, 320, 302
Properties Picker - 0, 0, 0, 0, 1, 1, 2, 3, 3, 2, 2, 2, 2, 2, 2, 2, 2, 3, 4, 4, 4, 4, 4
Assets Picker - 0, 0, 0, 0, 120, 120, 320, 390, 390, 320, 320, 320, 320, 320, 320, 320, 320, 450, 1400, 1600, 2200, 2200, 2200
Money Tortoise - 1500, 1500, 1360, 1367, 1207, 1427, 1377, 1381, 1385, 1389, 1539, 1531, 1531, 1543, 1521, 483, 483, 455, 465, 451, 431, 405
Properties Tortoise - 0, 0, 1, 2, 3, 3, 4, 4, 4, 4, 4, 4, 4, 4, 4, 5, 5, 5, 5, 5, 5, 5
Assets Tortoise - 0, 0, 40, 90, 150, 150, 160, 160, 160, 160, 160, 160, 160, 160, 160, 670, 670, 670, 670, 670, 670, 670
Money Hoarder - 1500, 1500, 1406, 1406, 1079, 823, 823, 541, 531, 555, 154, 354, 350, 350, 150, 216, 216, 1122, 651, 639, 639, 839, 389, 437
Properties Hoarder - 0, 0, 1, 1, 2, 3, 3, 4, 4, 4, 6, 6, 6, 6, 7, 7, 7, 4, 5, 5, 5, 5, 5, 5
Assets Hoarder - 0, 0, 50, 50, 120, 250, 250, 320, 320, 320, 500, 500, 500, 500, 600, 600, 600, 290, 360, 360, 360, 360, 360, 360

--------Game--------- 
Winner - Picker
Turns - 15
Money LandLord - 1500, 1500, 1340, 1340, 1080, 960, 1565, 1565, 1565, 1541, 1741, 1641, 1631, 1613, 1589, 1811, 1807, 1807, 1807, 1791, 1791, 1761, 1701, 1745, 1625, 1619, 1712, 1462, 1454, 1444
Properties LandLord - 0, 0, 1, 1, 2, 3, 1, 1, 1, 1, 1, 1, 1, 1, 1, 1, 1, 1, 1, 1, 1, 2, 3, 3, 3, 3, 3, 3, 3, 3
Assets LandLord - 0, 0, 60, 60, 170, 290, 110, 110, 110, 110, 110, 110, 110, 110, 110, 110, 110, 110, 110, 110, 110, 220, 230, 230, 300, 300, 320, 320, 320, 320
Money Random - 1500, 1500, 1500, 1500, 1500, 1500, 1066, 1508, 1500, 1500, 1482, 1482, 1682, 1682, 1682, 1682, 1658, 1858, 1854, 1854, 1854, 1528, 1506
Properties Random - 0, 0, 0, 0, 0, 0, 2, 0, 0, 0, 0, 0, 0, 0, 0, 0, 0, 0, 0, 0, 0, 1, 1
Assets Random - 0, 0, 0, 0, 0, 0, 130, 0, 0, 0, 0, 0, 0, 0, 0, 0, 0, 0, 0, 0, 0, 70, 70
Money AFK - 1500, 1494, 1494, 1494, 1494, 1494, 1644, 1644, 1634, 1634, 1634, 1806, 1706, 1706, 1706, 1688, 1660, 1660, 1660, 1660, 1648, 1648, 1626, 1826, 1376, 1368, 1358, 1340, 1340, 940, 934, 922, 906, 906
Properties AFK - 0, 0, 0, 0, 0, 0, 0, 0, 0, 0, 0, 0, 0, 0, 0, 0, 0, 0, 0, 0, 0, 0, 0, 0, 0, 0, 0, 0, 0, 0, 0, 0, 0, 0
Assets AFK - 0, 0, 0, 0, 0, 0, 0, 0, 0, 0, 0, 0, 0, 0, 0, 0, 0, 0, 0, 0, 0, 0, 0, 0, 0, 0, 0, 0, 0, 0, 0, 0, 0, 0
Money Picker - 1500, 1400, 1400, 1400, 1209, 1185, 1035, 923, 923, 1124, 1102, 1102, 1330, 1330, 1358, 1408, 1386, 1080, 530, 320, 320, 320, 302
Properties Picker - 0, 0, 0, 0, 1, 1, 2, 3, 3, 2, 2, 2, 2, 2, 2, 2, 2, 3, 4, 4, 4, 4, 4
Assets Picker - 0, 0, 0, 0, 120, 120, 320, 390, 390, 320, 320, 320, 320, 320, 320, 320, 320, 450, 1400, 1600, 2200, 2200, 2200
Money Tortoise - 1500, 1500, 1360, 1367, 1207, 1427, 1377, 1381, 1385, 1389, 1539, 1531, 1531, 1543, 1521, 483, 483, 455, 465, 451, 431, 405
Properties Tortoise - 0, 0, 1, 2, 3, 3, 4, 4, 4, 4, 4, 4, 4, 4, 4, 5, 5, 5, 5, 5, 5, 5
Assets Tortoise - 0, 0, 40, 90, 150, 150, 160, 160, 160, 160, 160, 160, 160, 160, 160, 670, 670, 670, 670, 670, 670, 670
Money Hoarder - 1500, 1500, 1406, 1406, 1079, 823, 823, 541, 531, 555, 154, 354, 350, 350, 150, 216, 216, 1122, 651, 639, 639, 839, 389, 437, 283, 263, 241, 413
Properties Hoarder - 0, 0, 1, 1, 2, 3, 3, 4, 4, 4, 6, 6, 6, 6, 7, 7, 7, 4, 5, 5, 5, 5, 5, 5, 6, 6, 6, 6
Assets Hoarder - 0, 0, 50, 50, 120, 250, 250, 320, 320, 320, 500, 500, 500, 500, 600, 600, 600, 290, 360, 360, 360, 360, 360, 360, 440, 440, 440, 440

--------Game--------- 
Winner - LandLord
Turns - 15
Money LandLord - 1500, 1400, 1220, 1000, 1000, 1200, 1200, 1220, 1204, 984, 1084, 1284, 1284, 1278, 1268, 1268, 1268, 1270, 1306, 466, 420, 420, 414
Properties LandLord - 0, 1, 2, 3, 3, 3, 3, 3, 3, 4, 3, 3, 3, 3, 3, 3, 3, 3, 3, 4, 3, 3, 3
Assets LandLord - 0, 50, 130, 200, 200, 200, 200, 200, 200, 270, 220, 220, 220, 220, 220, 220, 220, 220, 220, 1360, 2180, 2180, 2180
Money Random - 1500, 1500, 1492, 1492, 1492, 1038, 1038, 1054, 1054, 1054, 1054, 1054, 874, 1036, 1036, 1018, 1018, 1018, 1018, 918, 908, 828, 128
Properties Random - 0, 0, 0, 0, 0, 1, 1, 1, 1, 1, 1, 1, 1, 0, 0, 0, 0, 0, 0, 0, 0, 0, 0
Assets Random - 0, 0, 0, 0, 0, 100, 100, 100, 100, 100, 100, 100, 100, 0, 0, 0, 0, 0, 0, 0, 0, 0, 0
Money AFK - 1500, 1500, 1500, 1500, 1478, 1678, 1678, 1668, 1668, 1646, 1846, 1846, 1840, 1840, 1840, 1814, 1814, 1808, 1808, 1808, 1808, 1808, 1808, 1808, 1808, 1790, 1778
Properties AFK - 0, 0, 0, 0, 0, 0, 0, 0, 0, 0, 0, 0, 0, 0, 0, 0, 0, 0, 0, 0, 0, 0, 0, 0, 0, 0, 0
Assets AFK - 0, 0, 0, 0, 0, 0, 0, 0, 0, 0, 0, 0, 0, 0, 0, 0, 0, 0, 0, 0, 0, 0, 0, 0, 0, 0, 0
Money Picker - 1500, 1516, 1502, 1242, 986, 786, 808, 794, 538, 538, 438, 438, 464, 442, 464, 282, 482, 482, 466, 464, 464, 464, 458, 459
Properties Picker - 0, 0, 0, 1, 2, 3, 3, 3, 4, 4, 4, 4, 4, 4, 4, 5, 5, 5, 5, 5, 5, 5, 5, 5
Assets Picker - 0, 0, 0, 110, 210, 410, 410, 410, 540, 540, 540, 540, 540, 540, 540, 1090, 1090, 1090, 1090, 1090, 1090, 1090, 1090, 1490
Money Tortoise - 1500, 1500, 1486, 1486, 1226, 1822, 1722, 1716, 1706, 1750, 1750, 1754, 1754, 1986, 1992, 1980, 1980, 1980, 1986, 2011, 2017, 2009, 1929
Properties Tortoise - 0, 0, 0, 0, 1, 0, 0, 0, 0, 1, 1, 1, 1, 1, 1, 1, 1, 1, 1, 1, 1, 1, 1
Assets Tortoise - 0, 0, 0, 0, 110, 0, 0, 0, 0, 50, 50, 50, 50, 50, 50, 50, 50, 50, 50, 50, 50, 50, 50
Money Hoarder - 1500, 1384, 1264, 1120, 1098, 978, 978, 878, 748, 758, 734, 670, 610, 604, 626, 610, 588, 798, 488, 482, 302, 330, 504, 454, 354, 382, 382, 356
Properties Hoarder - 0, 1, 2, 3, 3, 4, 4, 4, 5, 5, 5, 6, 7, 7, 7, 7, 7, 7, 8, 8, 10, 10, 10, 10, 10, 10, 10, 10
Assets Hoarder - 0, 50, 120, 200, 200, 320, 320, 320, 360, 360, 360, 470, 480, 480, 480, 480, 480, 480, 840, 840, 1050, 1050, 1050, 1100, 1100, 1100, 1100, 1100

--------Game--------- 
Winner - AFK
Turns - 15
Money LandLord - 1500, 1440, 1280, 1260, 1260, 1472, 1372, 1372, 1372, 1112, 1112, 1112, 1541, 1541, 1553, 1553, 1727, 1735, 1743, 1751, 1737
Properties LandLord - 0, 1, 2, 2, 2, 2, 2, 2, 2, 3, 3, 3, 2, 2, 2, 2, 2, 2, 2, 2, 2
Assets LandLord - 0, 10, 70, 70, 70, 70, 70, 70, 70, 180, 180, 180, 130, 130, 130, 130, 130, 130, 130, 130, 130
Money Random - 1500, 1490, 1490, 1490, 1193, 1675, 1675, 1663, 1663, 1863, 1861, 1861, 1847, 1829, 1387, 1387, 1387, 1587, 1587
Properties Random - 0, 0, 0, 0, 1, 0, 0, 0, 0, 0, 0, 0, 0, 0, 1, 1, 1, 1, 1
Assets Random - 0, 0, 0, 0, 80, 0, 0, 0, 0, 0, 0, 0, 0, 0, 110, 110, 110, 110, 110
Money AFK - 1500, 1500, 1500, 1500, 1700, 1700, 1700, 1700, 1680, 1880, 1780, 1780, 1762, 1762, 1762, 1762, 1756, 1742, 1724, 1724, 1924, 1924, 1918, 1918, 1898, 1898, 1898, 1898, 1890
Properties AFK - 0, 0, 0, 0, 0, 0, 0, 0, 0, 0, 0, 0, 0, 0, 0, 0, 0, 0, 0, 0, 0, 0, 0, 0, 0, 0, 0, 0, 0
Assets AFK - 0, 0, 0, 0, 0, 0, 0, 0, 0, 0, 0, 0, 0, 0, 0, 0, 0, 0, 0, 0, 0, 0, 0, 0, 0, 0, 0, 0, 0
Money Picker - 1500, 1500, 1500, 1500, 1500, 1700, 1700, 1600, 1765, 1545, 1281, 1281, 1299, 1289, 1307, 1307, 1307, 1307, 1301, 1289, 1289, 1515, 1505, 1497, 1483, 1483, 1545, 1545, 1455, 1455
Properties Picker - 0, 0, 0, 0, 0, 0, 0, 1, 0, 1, 2, 2, 2, 2, 2, 2, 2, 2, 2, 2, 2, 2, 2, 2, 2, 2, 2, 2, 2, 2
Assets Picker - 0, 0, 0, 0, 0, 0, 0, 50, 0, 70, 170, 170, 170, 170, 170, 170, 170, 170, 170, 170, 170, 170, 170, 170, 170, 170, 170, 170, 170, 170
Money Tortoise - 1500, 1500, 1500, 1617, 1617, 1617, 1617, 1467, 1367, 1357, 1357, 1331, 1531, 1431, 1303, 1303, 1303, 1503, 1503, 1503, 1503, 1503, 1503, 1473, 1465, 1465, 1451, 1433
Properties Tortoise - 0, 0, 0, 0, 0, 0, 0, 1, 1, 1, 1, 1, 1, 2, 3, 3, 3, 3, 3, 3, 3, 3, 3, 3, 3, 3, 3, 3
Assets Tortoise - 0, 0, 0, 0, 0, 0, 0, 150, 150, 150, 150, 150, 150, 200, 240, 240, 240, 240, 240, 240, 240, 240, 240, 240, 240, 240, 240, 240
Money Hoarder - 1500, 1400, 1270, 1090, 588, 488, 263, 285, 309, 291, 220, 440, 434, 434, 434, 664, 464, 478, 478, 460, 434, 434, 474
Properties Hoarder - 0, 0, 1, 2, 4, 5, 7, 7, 7, 7, 8, 8, 8, 8, 8, 8, 8, 8, 8, 8, 8, 8, 8
Assets Hoarder - 0, 0, 40, 120, 290, 390, 450, 450, 450, 450, 560, 560, 560, 560, 560, 560, 660, 710, 710, 710, 710, 710, 760

--------Game--------- 
Winner - AFK
Turns - 15
Money LandLord - 1500, 1440, 1280, 1260, 1260, 1472, 1372, 1372, 1372, 1112, 1112, 1112, 1541, 1541, 1553, 1553, 1727, 1735, 1743, 1751, 1737
Properties LandLord - 0, 1, 2, 2, 2, 2, 2, 2, 2, 3, 3, 3, 2, 2, 2, 2, 2, 2, 2, 2, 2
Assets LandLord - 0, 10, 70, 70, 70, 70, 70, 70, 70, 180, 180, 180, 130, 130, 130, 130, 130, 130, 130, 130, 130
Money Random - 1500, 1490, 1490, 1490, 1193, 1675, 1675, 1663, 1663, 1863, 1861, 1861, 1847, 1829, 1387, 1387, 1387, 1587, 1587
Properties Random - 0, 0, 0, 0, 1, 0, 0, 0, 0, 0, 0, 0, 0, 0, 1, 1, 1, 1, 1
Assets Random - 0, 0, 0, 0, 80, 0, 0, 0, 0, 0, 0, 0, 0, 0, 110, 110, 110, 110, 110
Money AFK - 1500, 1500, 1500, 1500, 1700, 1700, 1700, 1700, 1680, 1880, 1780, 1780, 1762, 1762, 1762, 1762, 1756, 1742, 1724, 1724, 1924, 1924, 1918, 1918, 1898, 1898, 1898, 1898, 1890
Properties AFK - 0, 0, 0, 0, 0, 0, 0, 0, 0, 0, 0, 0, 0, 0, 0, 0, 0, 0, 0, 0, 0, 0, 0, 0, 0, 0, 0, 0, 0
Assets AFK - 0, 0, 0, 0, 0, 0, 0, 0, 0, 0, 0, 0, 0, 0, 0, 0, 0, 0, 0, 0, 0, 0, 0, 0, 0, 0, 0, 0, 0
Money Picker - 1500, 1500, 1500, 1500, 1500, 1700, 1700, 1600, 1765, 1545, 1281, 1281, 1299, 1289, 1307, 1307, 1307, 1307, 1301, 1289, 1289, 1515, 1505, 1497, 1483, 1483, 1545, 1545, 1455, 1455
Properties Picker - 0, 0, 0, 0, 0, 0, 0, 1, 0, 1, 2, 2, 2, 2, 2, 2, 2, 2, 2, 2, 2, 2, 2, 2, 2, 2, 2, 2, 2, 2
Assets Picker - 0, 0, 0, 0, 0, 0, 0, 50, 0, 70, 170, 170, 170, 170, 170, 170, 170, 170, 170, 170, 170, 170, 170, 170, 170, 170, 170, 170, 170, 170
Money Tortoise - 1500, 1500, 1500, 1617, 1617, 1617, 1617, 1467, 1367, 1357, 1357, 1331, 1531, 1431, 1303, 1303, 1303, 1503, 1503, 1503, 1503, 1503, 1503, 1473, 1465, 1465, 1451, 1433
Properties Tortoise - 0, 0, 0, 0, 0, 0, 0, 1, 1, 1, 1, 1, 1, 2, 3, 3, 3, 3, 3, 3, 3, 3, 3, 3, 3, 3, 3, 3
Assets Tortoise - 0, 0, 0, 0, 0, 0, 0, 150, 150, 150, 150, 150, 150, 200, 240, 240, 240, 240, 240, 240, 240, 240, 240, 240, 240, 240, 240, 240
Money Hoarder - 1500, 1400, 1270, 1090, 588, 488, 263, 285, 309, 291, 220, 440, 434, 434, 434, 664, 464, 478, 478, 460, 434, 434, 474, 488, 268
Properties Hoarder - 0, 0, 1, 2, 4, 5, 7, 7, 7, 7, 8, 8, 8, 8, 8, 8, 8, 8, 8, 8, 8, 8, 8, 8, 9
Assets Hoarder - 0, 0, 40, 120, 290, 390, 450, 450, 450, 450, 560, 560, 560, 560, 560, 560, 660, 710, 710, 710, 710, 710, 760, 760, 830

--------Game--------- 
Winner - Random
Turns - 15
Money LandLord - 1500, 1500, 1500, 1500, 1500, 908, 1108, 1102, 1094, 1084, 1084, 864, 882, 904, 878, 959, 957, 949, 939, 927, 909, 909, 1109
Properties LandLord - 0, 0, 0, 0, 0, 2, 2, 2, 2, 2, 2, 3, 3, 3, 3, 3, 3, 3, 3, 3, 3, 3, 3
Assets LandLord - 0, 0, 0, 0, 0, 240, 240, 240, 240, 240, 240, 310, 310, 310, 310, 360, 360, 360, 360, 360, 360, 360, 360
Money Random - 1500, 1500, 1500, 1480, 1680, 1780, 1780, 1780, 1758, 1958, 1956, 1956, 1942, 1942, 1924, 1904, 2078, 2078, 2078, 2066, 2066, 2066, 2066, 2040
Properties Random - 0, 0, 0, 0, 0, 0, 0, 0, 0, 0, 0, 0, 0, 0, 0, 0, 0, 0, 0, 0, 0, 0, 0, 0
Assets Random - 0, 0, 0, 0, 0, 0, 0, 0, 0, 0, 0, 0, 0, 0, 0, 0, 0, 0, 0, 0, 0, 0, 0, 0
Money AFK - 1500, 1500, 1500, 1480, 1480, 1480, 1630, 1630, 1630, 1630, 1608, 1582, 1782, 1682, 1682, 1668, 1646, 1846, 1846, 1846, 1846, 1846
Properties AFK - 0, 0, 0, 0, 0, 0, 0, 0, 0, 0, 0, 0, 0, 0, 0, 0, 0, 0, 0, 0, 0, 0
Assets AFK - 0, 0, 0, 0, 0, 0, 0, 0, 0, 0, 0, 0, 0, 0, 0, 0, 0, 0, 0, 0, 0, 0
Money Picker - 1500, 1500, 1500, 1500, 1240, 1462, 1456, 1296, 1318, 1330, 1354, 1354, 1328, 1178
Properties Picker - 0, 0, 0, 0, 1, 1, 1, 2, 2, 2, 2, 2, 2, 3
Assets Picker - 0, 0, 0, 0, 110, 110, 110, 170, 170, 170, 170, 170, 170, 320
Money Tortoise - 1500, 1400, 1470, 1310, 1510, 1510, 1510, 1496, 1554, 1528, 1528, 1536, 1526, 1526, 1526, 1514, 1516
Properties Tortoise - 0, 1, 1, 2, 2, 2, 2, 2, 2, 2, 2, 2, 2, 2, 2, 2, 2
Assets Tortoise - 0, 50, 50, 60, 60, 60, 60, 60, 60, 60, 60, 60, 60, 60, 60, 60, 60
Money Hoarder - 1500, 1500, 1360, 930, 930, 690, 430, 230, 110, 174, 200, 228, 468, 514, 428, 428, 253, 289, 389, 389, 415
Properties Hoarder - 0, 0, 1, 3, 3, 4, 5, 6, 7, 7, 7, 7, 7, 7, 8, 8, 9, 9, 8, 8, 8
Assets Hoarder - 0, 0, 40, 200, 200, 290, 390, 590, 660, 660, 660, 660, 660, 660, 710, 710, 780, 780, 730, 730, 730

--------Game--------- 
Winner - Random
Turns - 15
Money LandLord - 1500, 1500, 1500, 1500, 1500, 908, 1108, 1102, 1094, 1084, 1084, 864, 882, 904, 878, 959, 957, 949, 939, 927, 909, 909, 1109
Properties LandLord - 0, 0, 0, 0, 0, 2, 2, 2, 2, 2, 2, 3, 3, 3, 3, 3, 3, 3, 3, 3, 3, 3, 3
Assets LandLord - 0, 0, 0, 0, 0, 240, 240, 240, 240, 240, 240, 310, 310, 310, 310, 360, 360, 360, 360, 360, 360, 360, 360
Money Random - 1500, 1500, 1500, 1480, 1680, 1780, 1780, 1780, 1758, 1958, 1956, 1956, 1942, 1942, 1924, 1904, 2078, 2078, 2078, 2066, 2066, 2066, 2066, 2040
Properties Random - 0, 0, 0, 0, 0, 0, 0, 0, 0, 0, 0, 0, 0, 0, 0, 0, 0, 0, 0, 0, 0, 0, 0, 0
Assets Random - 0, 0, 0, 0, 0, 0, 0, 0, 0, 0, 0, 0, 0, 0, 0, 0, 0, 0, 0, 0, 0, 0, 0, 0
Money AFK - 1500, 1500, 1500, 1480, 1480, 1480, 1630, 1630, 1630, 1630, 1608, 1582, 1782, 1682, 1682, 1668, 1646, 1846, 1846, 1846, 1846, 1846
Properties AFK - 0, 0, 0, 0, 0, 0, 0, 0, 0, 0, 0, 0, 0, 0, 0, 0, 0, 0, 0, 0, 0, 0
Assets AFK - 0, 0, 0, 0, 0, 0, 0, 0, 0, 0, 0, 0, 0, 0, 0, 0, 0, 0, 0, 0, 0, 0
Money Picker - 1500, 1500, 1500, 1500, 1240, 1462, 1456, 1296, 1318, 1330, 1354, 1354, 1328, 1178
Properties Picker - 0, 0, 0, 0, 1, 1, 1, 2, 2, 2, 2, 2, 2, 3
Assets Picker - 0, 0, 0, 0, 110, 110, 110, 170, 170, 170, 170, 170, 170, 320
Money Tortoise - 1500, 1400, 1470, 1310, 1510, 1510, 1510, 1496, 1554, 1528, 1528, 1536, 1526, 1526, 1526, 1514, 1516
Properties Tortoise - 0, 1, 1, 2, 2, 2, 2, 2, 2, 2, 2, 2, 2, 2, 2, 2, 2
Assets Tortoise - 0, 50, 50, 60, 60, 60, 60, 60, 60, 60, 60, 60, 60, 60, 60, 60, 60
Money Hoarder - 1500, 1500, 1360, 930, 930, 690, 430, 230, 110, 174, 200, 228, 468, 514, 428, 428, 253, 289, 389, 389, 415, 221, 421, 419, 413
Properties Hoarder - 0, 0, 1, 3, 3, 4, 5, 6, 7, 7, 7, 7, 7, 7, 8, 8, 9, 9, 8, 8, 8, 9, 9, 9, 9
Assets Hoarder - 0, 0, 40, 200, 200, 290, 390, 590, 660, 660, 660, 660, 660, 660, 710, 710, 780, 780, 730, 730, 730, 1250, 1250, 1250, 1250

--------Game--------- 
Winner - Picker
Turns - 15
Money LandLord - 1500, 1500, 1490, 1490, 1250, 950, 1100, 1000, 900, 900, 906, 906, 1106, 1106, 1158, 1142, 1168, 1142, 1142, 1136, 1136, 1371, 1349, 1569, 1569, 1563
Properties LandLord - 0, 0, 0, 0, 1, 2, 2, 2, 3, 3, 3, 3, 3, 3, 3, 3, 3, 3, 3, 3, 3, 3, 3, 3, 3, 3
Assets LandLord - 0, 0, 0, 0, 90, 190, 190, 190, 240, 240, 240, 240, 240, 240, 240, 240, 240, 240, 240, 240, 240, 210, 210, 210, 210, 210
Money Random - 1500, 1500, 1500, 1500, 1641, 1641, 1641, 1641, 1641, 1621, 1595, 1795, 1795, 1789, 1789, 1773, 1318, 1318, 1310, 1310, 1310, 1290, 1516
Properties Random - 0, 0, 0, 0, 0, 0, 0, 0, 0, 0, 0, 0, 0, 0, 0, 0, 1, 1, 1, 1, 1, 1, 1
Assets Random - 0, 0, 0, 0, 0, 0, 0, 0, 0, 0, 0, 0, 0, 0, 0, 0, 100, 100, 100, 100, 100, 100, 100
Money AFK - 1500, 1500, 1500, 1500, 1500, 1650, 1644, 1644, 1644, 1644, 1818, 1818, 1812, 1812, 1796, 1774, 1774, 1974, 1974, 1968, 1956, 1956, 1936, 1914, 1014, 1014, 1004, 1004, 982, 1182, 1182, 1176
Properties AFK - 0, 0, 0, 0, 0, 0, 0, 0, 0, 0, 0, 0, 0, 0, 0, 0, 0, 0, 0, 0, 0, 0, 0, 0, 0, 0, 0, 0, 0, 0, 0, 0
Assets AFK - 0, 0, 0, 0, 0, 0, 0, 0, 0, 0, 0, 0, 0, 0, 0, 0, 0, 0, 0, 0, 0, 0, 0, 0, 0, 0, 0, 0, 0, 0, 0, 0
Money Picker - 1500, 1494, 1494, 1214, 1014, 1098, 1172, 1154, 854, 1054, 954, 954, 426, 426, 306, 360, 410, 410, 410, 410, 410, 410, 310
Properties Picker - 0, 0, 0, 1, 2, 2, 2, 2, 3, 3, 3, 3, 4, 4, 5, 5, 5, 5, 5, 5, 5, 5, 5
Assets Picker - 0, 0, 0, 130, 330, 330, 330, 330, 430, 430, 430, 430, 1380, 1380, 1500, 1500, 2700, 2700, 2700, 2700, 2700, 2700, 2700
Money Tortoise - 1500, 1500, 1500, 1500, 1500, 1478, 1678, 1678, 1672, 1656, 1396, 2017, 1917, 1777, 1777, 1951, 1851, 1691, 1483, 1459, 959
Properties Tortoise - 0, 0, 0, 0, 0, 0, 0, 0, 0, 0, 1, 0, 0, 1, 1, 1, 1, 2, 3, 3, 3
Assets Tortoise - 0, 0, 0, 0, 0, 0, 0, 0, 0, 0, 110, 0, 0, 40, 40, 40, 40, 100, 170, 170, 170
Money Hoarder - 1500, 1406, 1276, 1076, 323, 299, 523, 539, 539, 166, 166, 338, 354, 382, 408, 460, 460, 434, 634
Properties Hoarder - 0, 1, 2, 3, 6, 6, 6, 6, 6, 7, 7, 7, 7, 7, 7, 7, 7, 7, 7
Assets Hoarder - 0, 50, 90, 190, 440, 440, 440, 440, 440, 550, 550, 550, 550, 550, 550, 550, 550, 550, 550

--------Game--------- 
Winner - Picker
Turns - 15
Money LandLord - 1500, 1500, 1490, 1490, 1250, 950, 1100, 1000, 900, 900, 906, 906, 1106, 1106, 1158, 1142, 1168, 1142, 1142, 1136, 1136, 1371, 1349, 1569, 1569, 1563
Properties LandLord - 0, 0, 0, 0, 1, 2, 2, 2, 3, 3, 3, 3, 3, 3, 3, 3, 3, 3, 3, 3, 3, 3, 3, 3, 3, 3
Assets LandLord - 0, 0, 0, 0, 90, 190, 190, 190, 240, 240, 240, 240, 240, 240, 240, 240, 240, 240, 240, 240, 240, 210, 210, 210, 210, 210
Money Random - 1500, 1500, 1500, 1500, 1641, 1641, 1641, 1641, 1641, 1621, 1595, 1795, 1795, 1789, 1789, 1773, 1318, 1318, 1310, 1310, 1310, 1290, 1516
Properties Random - 0, 0, 0, 0, 0, 0, 0, 0, 0, 0, 0, 0, 0, 0, 0, 0, 1, 1, 1, 1, 1, 1, 1
Assets Random - 0, 0, 0, 0, 0, 0, 0, 0, 0, 0, 0, 0, 0, 0, 0, 0, 100, 100, 100, 100, 100, 100, 100
Money AFK - 1500, 1500, 1500, 1500, 1500, 1650, 1644, 1644, 1644, 1644, 1818, 1818, 1812, 1812, 1796, 1774, 1774, 1974, 1974, 1968, 1956, 1956, 1936, 1914, 1014, 1014, 1004, 1004, 982, 1182, 1182, 1176
Properties AFK - 0, 0, 0, 0, 0, 0, 0, 0, 0, 0, 0, 0, 0, 0, 0, 0, 0, 0, 0, 0, 0, 0, 0, 0, 0, 0, 0, 0, 0, 0, 0, 0
Assets AFK - 0, 0, 0, 0, 0, 0, 0, 0, 0, 0, 0, 0, 0, 0, 0, 0, 0, 0, 0, 0, 0, 0, 0, 0, 0, 0, 0, 0, 0, 0, 0, 0
Money Picker - 1500, 1494, 1494, 1214, 1014, 1098, 1172, 1154, 854, 1054, 954, 954, 426, 426, 306, 360, 410, 410, 410, 410, 410, 410, 310, 310
Properties Picker - 0, 0, 0, 1, 2, 2, 2, 2, 3, 3, 3, 3, 4, 4, 5, 5, 5, 5, 5, 5, 5, 5, 5, 5
Assets Picker - 0, 0, 0, 130, 330, 330, 330, 330, 430, 430, 430, 430, 1380, 1380, 1500, 1500, 2700, 2700, 2700, 2700, 2700, 2700, 2700, 2700
Money Tortoise - 1500, 1500, 1500, 1500, 1500, 1478, 1678, 1678, 1672, 1656, 1396, 2017, 1917, 1777, 1777, 1951, 1851, 1691, 1483, 1459, 959
Properties Tortoise - 0, 0, 0, 0, 0, 0, 0, 0, 0, 0, 1, 0, 0, 1, 1, 1, 1, 2, 3, 3, 3
Assets Tortoise - 0, 0, 0, 0, 0, 0, 0, 0, 0, 0, 110, 0, 0, 40, 40, 40, 40, 100, 170, 170, 170
Money Hoarder - 1500, 1406, 1276, 1076, 323, 299, 523, 539, 539, 166, 166, 338, 354, 382, 408, 460, 460, 434, 634
Properties Hoarder - 0, 1, 2, 3, 6, 6, 6, 6, 6, 7, 7, 7, 7, 7, 7, 7, 7, 7, 7
Assets Hoarder - 0, 50, 90, 190, 440, 440, 440, 440, 440, 550, 550, 550, 550, 550, 550, 550, 550, 550, 550

--------Game--------- 
Winner - Picker
Turns - 15
Money LandLord - 1500, 1500, 1490, 1490, 1250, 950, 1100, 1000, 900, 900, 906, 906, 1106, 1106, 1158, 1142, 1168, 1142, 1142, 1136, 1136, 1371, 1349, 1569, 1569, 1563
Properties LandLord - 0, 0, 0, 0, 1, 2, 2, 2, 3, 3, 3, 3, 3, 3, 3, 3, 3, 3, 3, 3, 3, 3, 3, 3, 3, 3
Assets LandLord - 0, 0, 0, 0, 90, 190, 190, 190, 240, 240, 240, 240, 240, 240, 240, 240, 240, 240, 240, 240, 240, 210, 210, 210, 210, 210
Money Random - 1500, 1500, 1500, 1500, 1641, 1641, 1641, 1641, 1641, 1621, 1595, 1795, 1795, 1789, 1789, 1773, 1318, 1318, 1310, 1310, 1310, 1290, 1516, 1516
Properties Random - 0, 0, 0, 0, 0, 0, 0, 0, 0, 0, 0, 0, 0, 0, 0, 0, 1, 1, 1, 1, 1, 1, 1, 1
Assets Random - 0, 0, 0, 0, 0, 0, 0, 0, 0, 0, 0, 0, 0, 0, 0, 0, 100, 100, 100, 100, 100, 100, 100, 100
Money AFK - 1500, 1500, 1500, 1500, 1500, 1650, 1644, 1644, 1644, 1644, 1818, 1818, 1812, 1812, 1796, 1774, 1774, 1974, 1974, 1968, 1956, 1956, 1936, 1914, 1014, 1014, 1004, 1004, 982, 1182, 1182, 1176
Properties AFK - 0, 0, 0, 0, 0, 0, 0, 0, 0, 0, 0, 0, 0, 0, 0, 0, 0, 0, 0, 0, 0, 0, 0, 0, 0, 0, 0, 0, 0, 0, 0, 0
Assets AFK - 0, 0, 0, 0, 0, 0, 0, 0, 0, 0, 0, 0, 0, 0, 0, 0, 0, 0, 0, 0, 0, 0, 0, 0, 0, 0, 0, 0, 0, 0, 0, 0
Money Picker - 1500, 1494, 1494, 1214, 1014, 1098, 1172, 1154, 854, 1054, 954, 954, 426, 426, 306, 360, 410, 410, 410, 410, 410, 410, 310, 310
Properties Picker - 0, 0, 0, 1, 2, 2, 2, 2, 3, 3, 3, 3, 4, 4, 5, 5, 5, 5, 5, 5, 5, 5, 5, 5
Assets Picker - 0, 0, 0, 130, 330, 330, 330, 330, 430, 430, 430, 430, 1380, 1380, 1500, 1500, 2700, 2700, 2700, 2700, 2700, 2700, 2700, 2700
Money Tortoise - 1500, 1500, 1500, 1500, 1500, 1478, 1678, 1678, 1672, 1656, 1396, 2017, 1917, 1777, 1777, 1951, 1851, 1691, 1483, 1459, 959
Properties Tortoise - 0, 0, 0, 0, 0, 0, 0, 0, 0, 0, 1, 0, 0, 1, 1, 1, 1, 2, 3, 3, 3
Assets Tortoise - 0, 0, 0, 0, 0, 0, 0, 0, 0, 0, 110, 0, 0, 40, 40, 40, 40, 100, 170, 170, 170
Money Hoarder - 1500, 1406, 1276, 1076, 323, 299, 523, 539, 539, 166, 166, 338, 354, 382, 408, 460, 460, 434, 634, 463
Properties Hoarder - 0, 1, 2, 3, 6, 6, 6, 6, 6, 7, 7, 7, 7, 7, 7, 7, 7, 7, 7, 8
Assets Hoarder - 0, 50, 90, 190, 440, 440, 440, 440, 440, 550, 550, 550, 550, 550, 550, 550, 550, 550, 550, 590

--------Game--------- 
Winner - Picker
Turns - 15
Money LandLord - 1500, 1500, 1490, 1490, 1250, 950, 1100, 1000, 900, 900, 906, 906, 1106, 1106, 1158, 1142, 1168, 1142, 1142, 1136, 1136, 1371, 1349, 1569, 1569, 1563
Properties LandLord - 0, 0, 0, 0, 1, 2, 2, 2, 3, 3, 3, 3, 3, 3, 3, 3, 3, 3, 3, 3, 3, 3, 3, 3, 3, 3
Assets LandLord - 0, 0, 0, 0, 90, 190, 190, 190, 240, 240, 240, 240, 240, 240, 240, 240, 240, 240, 240, 240, 240, 210, 210, 210, 210, 210
Money Random - 1500, 1500, 1500, 1500, 1641, 1641, 1641, 1641, 1641, 1621, 1595, 1795, 1795, 1789, 1789, 1773, 1318, 1318, 1310, 1310, 1310, 1290, 1516, 1516, 1510
Properties Random - 0, 0, 0, 0, 0, 0, 0, 0, 0, 0, 0, 0, 0, 0, 0, 0, 1, 1, 1, 1, 1, 1, 1, 1, 1
Assets Random - 0, 0, 0, 0, 0, 0, 0, 0, 0, 0, 0, 0, 0, 0, 0, 0, 100, 100, 100, 100, 100, 100, 100, 100, 100
Money AFK - 1500, 1500, 1500, 1500, 1500, 1650, 1644, 1644, 1644, 1644, 1818, 1818, 1812, 1812, 1796, 1774, 1774, 1974, 1974, 1968, 1956, 1956, 1936, 1914, 1014, 1014, 1004, 1004, 982, 1182, 1182, 1176, 1176, 1176
Properties AFK - 0, 0, 0, 0, 0, 0, 0, 0, 0, 0, 0, 0, 0, 0, 0, 0, 0, 0, 0, 0, 0, 0, 0, 0, 0, 0, 0, 0, 0, 0, 0, 0, 0, 0
Assets AFK - 0, 0, 0, 0, 0, 0, 0, 0, 0, 0, 0, 0, 0, 0, 0, 0, 0, 0, 0, 0, 0, 0, 0, 0, 0, 0, 0, 0, 0, 0, 0, 0, 0, 0
Money Picker - 1500, 1494, 1494, 1214, 1014, 1098, 1172, 1154, 854, 1054, 954, 954, 426, 426, 306, 360, 410, 410, 410, 410, 410, 410, 310, 310
Properties Picker - 0, 0, 0, 1, 2, 2, 2, 2, 3, 3, 3, 3, 4, 4, 5, 5, 5, 5, 5, 5, 5, 5, 5, 5
Assets Picker - 0, 0, 0, 130, 330, 330, 330, 330, 430, 430, 430, 430, 1380, 1380, 1500, 1500, 2700, 2700, 2700, 2700, 2700, 2700, 2700, 2700
Money Tortoise - 1500, 1500, 1500, 1500, 1500, 1478, 1678, 1678, 1672, 1656, 1396, 2017, 1917, 1777, 1777, 1951, 1851, 1691, 1483, 1459, 959
Properties Tortoise - 0, 0, 0, 0, 0, 0, 0, 0, 0, 0, 1, 0, 0, 1, 1, 1, 1, 2, 3, 3, 3
Assets Tortoise - 0, 0, 0, 0, 0, 0, 0, 0, 0, 0, 110, 0, 0, 40, 40, 40, 40, 100, 170, 170, 170
Money Hoarder - 1500, 1406, 1276, 1076, 323, 299, 523, 539, 539, 166, 166, 338, 354, 382, 408, 460, 460, 434, 634, 463
Properties Hoarder - 0, 1, 2, 3, 6, 6, 6, 6, 6, 7, 7, 7, 7, 7, 7, 7, 7, 7, 7, 8
Assets Hoarder - 0, 50, 90, 190, 440, 440, 440, 440, 440, 550, 550, 550, 550, 550, 550, 550, 550, 550, 550, 590

--------Game--------- 
Winner - Picker
Turns - 15
Money LandLord - 1500, 1500, 1490, 1490, 1250, 950, 1100, 1000, 900, 900, 906, 906, 1106, 1106, 1158, 1142, 1168, 1142, 1142, 1136, 1136, 1371, 1349, 1569, 1569, 1563
Properties LandLord - 0, 0, 0, 0, 1, 2, 2, 2, 3, 3, 3, 3, 3, 3, 3, 3, 3, 3, 3, 3, 3, 3, 3, 3, 3, 3
Assets LandLord - 0, 0, 0, 0, 90, 190, 190, 190, 240, 240, 240, 240, 240, 240, 240, 240, 240, 240, 240, 240, 240, 210, 210, 210, 210, 210
Money Random - 1500, 1500, 1500, 1500, 1641, 1641, 1641, 1641, 1641, 1621, 1595, 1795, 1795, 1789, 1789, 1773, 1318, 1318, 1310, 1310, 1310, 1290, 1516, 1516, 1510
Properties Random - 0, 0, 0, 0, 0, 0, 0, 0, 0, 0, 0, 0, 0, 0, 0, 0, 1, 1, 1, 1, 1, 1, 1, 1, 1
Assets Random - 0, 0, 0, 0, 0, 0, 0, 0, 0, 0, 0, 0, 0, 0, 0, 0, 100, 100, 100, 100, 100, 100, 100, 100, 100
Money AFK - 1500, 1500, 1500, 1500, 1500, 1650, 1644, 1644, 1644, 1644, 1818, 1818, 1812, 1812, 1796, 1774, 1774, 1974, 1974, 1968, 1956, 1956, 1936, 1914, 1014, 1014, 1004, 1004, 982, 1182, 1182, 1176, 1176, 1176, 1160
Properties AFK - 0, 0, 0, 0, 0, 0, 0, 0, 0, 0, 0, 0, 0, 0, 0, 0, 0, 0, 0, 0, 0, 0, 0, 0, 0, 0, 0, 0, 0, 0, 0, 0, 0, 0, 0
Assets AFK - 0, 0, 0, 0, 0, 0, 0, 0, 0, 0, 0, 0, 0, 0, 0, 0, 0, 0, 0, 0, 0, 0, 0, 0, 0, 0, 0, 0, 0, 0, 0, 0, 0, 0, 0
Money Picker - 1500, 1494, 1494, 1214, 1014, 1098, 1172, 1154, 854, 1054, 954, 954, 426, 426, 306, 360, 410, 410, 410, 410, 410, 410, 310, 310
Properties Picker - 0, 0, 0, 1, 2, 2, 2, 2, 3, 3, 3, 3, 4, 4, 5, 5, 5, 5, 5, 5, 5, 5, 5, 5
Assets Picker - 0, 0, 0, 130, 330, 330, 330, 330, 430, 430, 430, 430, 1380, 1380, 1500, 1500, 2700, 2700, 2700, 2700, 2700, 2700, 2700, 2700
Money Tortoise - 1500, 1500, 1500, 1500, 1500, 1478, 1678, 1678, 1672, 1656, 1396, 2017, 1917, 1777, 1777, 1951, 1851, 1691, 1483, 1459, 959
Properties Tortoise - 0, 0, 0, 0, 0, 0, 0, 0, 0, 0, 1, 0, 0, 1, 1, 1, 1, 2, 3, 3, 3
Assets Tortoise - 0, 0, 0, 0, 0, 0, 0, 0, 0, 0, 110, 0, 0, 40, 40, 40, 40, 100, 170, 170, 170
Money Hoarder - 1500, 1406, 1276, 1076, 323, 299, 523, 539, 539, 166, 166, 338, 354, 382, 408, 460, 460, 434, 634, 463
Properties Hoarder - 0, 1, 2, 3, 6, 6, 6, 6, 6, 7, 7, 7, 7, 7, 7, 7, 7, 7, 7, 8
Assets Hoarder - 0, 50, 90, 190, 440, 440, 440, 440, 440, 550, 550, 550, 550, 550, 550, 550, 550, 550, 550, 590

--------Game--------- 
Winner - AFK
Turns - 15
Money LandLord - 1500, 1440, 1444, 1444, 1444, 1444, 1618, 1618, 1612, 1598, 1598, 1772, 462, 456, 456, 442, 202, 176, 341, 460, 320, 461, 437, 437, 587, 481, 469, 469, 471, 445, 595, 595
Properties LandLord - 0, 1, 1, 1, 1, 1, 1, 1, 1, 1, 1, 1, 2, 2, 2, 2, 3, 3, 3, 3, 4, 3, 3, 3, 3, 3, 3, 3, 3, 3, 3, 3
Assets LandLord - 0, 10, 10, 10, 10, 10, 10, 10, 10, 10, 10, 10, 520, 520, 520, 520, 610, 610, 610, 570, 610, 560, 560, 560, 560, 560, 560, 560, 630, 630, 630, 630
Money Random - 1500, 1490, 1490, 1490, 1490, 1183, 1490, 1490, 1476, 1476, 1476, 1476, 1676, 1670, 1658, 1640, 1618, 1618, 1818, 1818, 1808, 1792, 1532, 1232, 1132, 1126, 1126, 1036, 1012, 1212
Properties Random - 0, 0, 0, 0, 0, 1, 0, 0, 0, 0, 0, 0, 0, 0, 0, 0, 0, 0, 0, 0, 0, 0, 1, 2, 3, 3, 3, 3, 3, 3
Assets Random - 0, 0, 0, 0, 0, 70, 0, 0, 0, 0, 0, 0, 0, 0, 0, 0, 0, 0, 0, 0, 0, 0, 110, 210, 410, 410, 410, 410, 410, 410
Money AFK - 1500, 1500, 1500, 1500, 1700, 1700, 1696, 1696, 1680, 1680, 1880, 1880, 1880, 1880, 1880, 2080, 2080, 2080, 2080, 2080, 2280, 2030, 2030, 2030, 2030, 2004, 2004, 1998
Properties AFK - 0, 0, 0, 0, 0, 0, 0, 0, 0, 0, 0, 0, 0, 0, 0, 0, 0, 0, 0, 0, 0, 0, 0, 0, 0, 0, 0, 0
Assets AFK - 0, 0, 0, 0, 0, 0, 0, 0, 0, 0, 0, 0, 0, 0, 0, 0, 0, 0, 0, 0, 0, 0, 0, 0, 0, 0, 0, 0
Money Picker - 1500, 1500, 1530, 1675, 1056, 756, 658, 208, 208, 208, 291, 35, 235
Properties Picker - 0, 0, 0, 0, 2, 3, 4, 4, 4, 4, 4, 5, 5
Assets Picker - 0, 0, 0, 0, 210, 310, 460, 460, 460, 460, 460, 590, 590
Money Tortoise - 1500, 1400, 1240, 1020, 1327, 1533, 1539, 1531, 1531, 1513, 1531, 1531, 1531, 1531, 1531, 1275, 1293, 1443, 993, 1023, 933, 911, 1117, 917
Properties Tortoise - 0, 1, 2, 3, 2, 2, 2, 2, 2, 2, 2, 2, 2, 2, 2, 3, 3, 3, 3, 3, 3, 3, 3, 4
Assets Tortoise - 0, 50, 110, 180, 110, 110, 110, 110, 110, 110, 110, 110, 110, 110, 110, 240, 240, 240, 240, 240, 240, 240, 240, 290
Money Hoarder - 1500, 1370, 960, 976, 611, 563, 591, 479, 511, 210, 186, 386, 386, 245, 271, 271, 411
Properties Hoarder - 0, 1, 3, 3, 4, 5, 5, 6, 6, 7, 7, 7, 7, 8, 8, 8, 9
Assets Hoarder - 0, 40, 220, 220, 290, 360, 360, 430, 430, 970, 970, 970, 970, 1020, 1020, 1020, 1060

